011642 0.7169189453 0.4844516516 0.7355223894 0.5022321343
012047 0.3178613186 0.4078584015 0.3398820460 0.4432828724
012686 0.0950864255 0.4407382905 0.1156455576 0.4645096660
013870 0.2415708005 0.4690068364 0.2557051778 0.4857113361
013920 0.8254736066 0.4857495129 0.8363504410 0.4969490170
000013 0.9038085938 0.4868164062 0.9189453125 0.5024414062
014724 0.3743491173 0.4630922973 0.3867497444 0.4754929245
014724 0.8389892578 0.4599916935 0.8517795205 0.4720052183
015779 0.3355122209 0.4554067254 0.3475985229 0.4699102640
016840 0.6235351562 0.4721679688 0.6367187500 0.4838867188
017389 0.4192709923 0.3795571327 0.5078125000 0.4654946327
001747 0.0097656250 0.4108071327 0.0429687500 0.4498697817
001747 0.8255224824 0.4244790077 0.8450521231 0.4635416567
001747 0.3548178673 0.4309897423 0.3730468750 0.4485677183
018071 0.6220703125 0.4746093750 0.6333007812 0.4868164062
018678 0.5693359375 0.4433593750 0.5893554688 0.4633789062
018678 0.3129882812 0.4584960938 0.3256835938 0.4731445312
020670 0.9187256098 0.4856381714 0.9321002364 0.4989162982
020986 0.4506835938 0.5004882812 0.4619140625 0.5112304688
021126 0.5666650534 0.4651523530 0.5782213211 0.4844258726
002126 0.0177850593 0.4724365175 0.0313664079 0.4847242236
002126 0.7081689239 0.4659692347 0.7236909866 0.4827840328
021392 0.3640356362 0.4631420970 0.3824063838 0.4829633236
022286 0.6334814429 0.4979199171 0.6506822109 0.5132560730
002443 0.0234375000 0.4692382812 0.0698242188 0.5214843750
024764 0.1243955046 0.4704550803 0.1340835989 0.4886687994
026176 0.8224170208 0.3149892688 0.8932675719 0.3973266482
027234 0.3441220820 0.4873237312 0.3584608436 0.5016850829
002736 0.7768554688 0.4477539062 0.7856445312 0.4580078125
002736 0.5961914062 0.4584960938 0.6030273438 0.4653320312
028320 0.3546464741 0.4632246196 0.3681383729 0.4760742188
028808 0.3876953125 0.4965820312 0.3959960938 0.5058593750
031641 0.6054687500 0.5162743926 0.6152343750 0.5260416269
031998 0.2025639713 0.4655590951 0.2122332007 0.4800626338
035157 0.7812500000 0.4529453218 0.7992392778 0.4728618562
035648 0.7860351801 0.4021137655 0.8042279482 0.4375382960
037124 0.3315429688 0.5000000000 0.3481445312 0.5185546875
039248 0.4462212026 0.4326850474 0.4703936875 0.4641088843
039382 0.7195312381 0.4287109375 0.7535156012 0.4648437500
041321 0.7309570312 0.4926757812 0.7485351562 0.5107421875
041889 0.8281250000 0.4570312500 0.8378906250 0.4778645933
041959 0.9560546875 0.4892578125 0.9731445312 0.5053710938
042804 0.7114257812 0.4594726562 0.7294921875 0.4750976562
043074 0.2412685603 0.4595586061 0.2623314857 0.4796645045
004323 0.0299736820 0.4776455164 0.0449605472 0.4931157231
004323 0.7227538824 0.4641088843 0.7367728949 0.4844136834
044170 0.6315527558 0.3867700100 0.6668894291 0.4426655173
004481 0.9037988186 0.4586015642 0.9191176295 0.4787071347
045154 0.3081669807 0.5167382956 0.3220721781 0.5299953818
047259 0.0415764153 0.4833984375 0.0521828607 0.4950498641
048019 0.6656054854 0.4882812500 0.6778115034 0.5030581951
049054 0.6889111400 0.4573408067 0.7014812827 0.4718440473
049124 0.3964262605 0.4718442261 0.4065780640 0.4824798703
050116 0.6595068574 0.4342446327 0.6894531250 0.4635416567
000505 0.8144531250 0.4882812500 0.8305664062 0.5078125000
052211 0.1091450229 0.4375751913 0.1389721185 0.4662607312
052429 0.5922851562 0.4692382812 0.6064453125 0.4829101562
005282 0.5833691359 0.4606547952 0.5955746174 0.4780016541
053139 0.2900390625 0.4736328125 0.3041992188 0.5024414062
055432 0.1456621140 0.4144106507 0.2335429639 0.5232539177
056054 0.0652651340 0.4737778306 0.0754176751 0.4863474667
056374 0.7522411942 0.4650756717 0.7633624673 0.4781288505
005672 0.5618506074 0.4752602577 0.5742187500 0.4869791567
056815 0.2828164101 0.4123798907 0.3011873662 0.4481551647
056922 0.3205253780 0.4568574131 0.3311610222 0.4713605940
056922 0.9316015840 0.4766786993 0.9446550012 0.4863474667
057105 0.6064453125 0.4667968750 0.6210937500 0.4814453125
057278 0.2041015625 0.4946289062 0.2333984375 0.5288085938
058781 0.0000000000 0.4836308658 0.0155237699 0.5190551877
058781 0.7269970775 0.4816933572 0.7483103871 0.5219959021
005886 0.8203125000 0.4882812500 0.8359375000 0.5170898438
005937 0.4804687500 0.4687500000 0.4916992188 0.4804687500
059745 0.7014794946 0.4563735425 0.7150177956 0.4732943773
005992 0.3798828125 0.4902343750 0.3959960938 0.5053710938
006096 0.8080566525 0.4820810556 0.8291206956 0.5057199001
061770 0.6980956793 0.4626587033 0.7126005292 0.4776453972
062770 0.4568574131 0.4699101448 0.4732943773 0.4873143435
064143 0.7356787324 0.4674477577 0.7604166269 0.4928385317
064190 0.3465839922 0.4787070453 0.3666900396 0.4988129437
064499 0.8013574481 0.4069008827 0.8233762383 0.4480698705
065478 0.7998828292 0.5056298971 0.8140162826 0.5191200972
065709 0.7962744236 0.4145605564 0.8339077830 0.4544774294
065785 0.9677734375 0.4897460938 0.9760742188 0.4980468750
066010 0.1049804688 0.4599609375 0.1503906250 0.5024414062
006764 0.1899414062 0.4843750000 0.2055664062 0.4995117188
006769 0.2003178746 0.4242685437 0.3499936461 0.5844477415
068231 0.3898501098 0.4863437414 0.4014756978 0.4975818396
069015 0.5638476610 0.5216064453 0.5809015632 0.5351688862
069108 0.5761718750 0.1803383827 0.7701821327 0.3730468750
069373 0.0043510203 0.4645922780 0.0169206485 0.4790949821
069373 0.8121923804 0.4520229399 0.8295946717 0.4713605940
069857 0.3072915077 0.4570312500 0.3190104067 0.4674479067
069928 0.3344726562 0.4936523438 0.3452148438 0.5083007812
070495 0.1490541995 0.4638671875 0.1665900946 0.4844516218
070495 0.8991357684 0.4696494043 0.9124153852 0.4850688875
070914 0.3000361323 0.4651523530 0.3154553771 0.4805715382
071537 0.0991210938 0.3754882812 0.1494140625 0.4672851562
073558 0.7622070312 0.4384765625 0.8237304688 0.5029296875
073802 0.8501855731 0.4889257848 0.8655024171 0.5081980228
074656 0.1803256869 0.4293007851 0.2088494152 0.4626585841
076521 0.2668627799 0.4520229399 0.2779818773 0.4655592144
078464 0.6638134718 0.4661123157 0.6941716075 0.4970711470
078589 0.7128906250 0.4536132812 0.7280273438 0.4746093750
078591 0.6240234375 0.4926757812 0.6328125000 0.5004882812
079441 0.4731445312 0.4853515625 0.4814453125 0.4946289062
079572 0.1246093735 0.4926269650 0.1371578574 0.5070257783
079572 0.7554833889 0.4790419936 0.7725540996 0.4977677763
080309 0.6328320503 0.4684599638 0.6415339112 0.4781288505
080391 0.8457031250 0.4458007812 0.8701171875 0.4721679688
080466 0.6289062500 0.4687500000 0.6479492188 0.4873046875
080910 0.6239160299 0.4770429730 0.6324405074 0.4875062108
085865 0.8262255788 0.4580849707 0.8480674028 0.4831414521
085881 0.7172851562 0.4399414062 0.7446289062 0.4667968750
086462 0.3118232489 0.4583076239 0.3248762190 0.4723272324
086462 0.8943750262 0.4641088843 0.9047564268 0.4795792103
089239 0.2123637646 0.4825366139 0.2352275401 0.5014570951
089550 0.6874462962 0.4786440432 0.7028680444 0.4979183674
090103 0.3176245093 0.4645922780 0.3311606348 0.4790957570
090380 0.3228081167 0.4599916935 0.3359839916 0.4731677771
090960 0.7114257812 0.4716796875 0.7343750000 0.4936523438
091058 0.8880908489 0.4718442261 0.9035620093 0.4873143435
093780 0.3227539062 0.4809570312 0.3383789062 0.4980468750
094910 0.1542968750 0.4936523438 0.1645507812 0.5053710938
094910 0.3725585938 0.5156250000 0.3876953125 0.5317382812
096069 0.3190747201 0.4660424888 0.3301941454 0.4800632298
096224 0.8813476562 0.4443359375 0.9047851562 0.4765625000
097620 0.2690429688 0.4819335938 0.2841796875 0.4960937500
097811 0.3384125829 0.4935986400 0.3461478949 0.5013337731
