010175 0.8370800614 0.4818618298 0.8438885212 0.4904213250
001028 0.3059897423 0.4941406250 0.3274739683 0.5175781250
011205 0.8426904082 0.4536811411 0.8591831923 0.4698492289
011251 0.8229150176 0.4993505776 0.8450521231 0.5299478769
013236 0.1901040077 0.4563803673 0.2298177183 0.4986979067
001542 0.1779081970 0.4525063336 0.2011138648 0.4858639538
015570 0.1523437500 0.4492187500 0.1946614683 0.4980468750
015905 0.7695312500 0.4199218750 0.8196616173 0.4713540077
015943 0.6263329983 0.4826030135 0.6354166269 0.4928230345
016219 0.6445312500 0.4321289062 0.6586914062 0.4477539062
016275 0.7944335938 0.5068359375 0.8198242188 0.5336914062
000193 0.5410156250 0.3476562500 0.5722656250 0.3763020933
021121 0.6548584104 0.4846084118 0.6637156010 0.4932506979
021546 0.1791083962 0.4880654216 0.1890469193 0.5090224147
021774 0.5712890625 0.3959960938 0.5942382812 0.4184570312
022075 0.6710644364 0.4772627056 0.6803529263 0.4876331091
022779 0.6178417802 0.4868940413 0.6261652112 0.4957719147
023198 0.3919272423 0.4667968750 0.4160156250 0.4895833433
023726 0.9401367307 0.4468159080 0.9575737715 0.4661923349
024196 0.7275635004 0.4720053673 0.7411671877 0.4851231873
024328 0.1084760725 0.4893896580 0.1176313981 0.5004886985
024658 0.2533261776 0.4457377791 0.2760481834 0.4824799895
024945 0.1842446327 0.4720053673 0.2291666567 0.5169271231
025271 0.4694008827 0.3756508827 0.4947916567 0.4023437500
002604 0.2156250030 0.4785156250 0.2269531190 0.4925781190
026490 0.2434897423 0.4980468750 0.2799479067 0.5351562500
026710 0.5471338034 0.4717895389 0.5578047633 0.4834307730
027044 0.8452148438 0.4819335938 0.8901367188 0.5341796875
027169 0.7939453125 0.3437500000 0.8061523438 0.3588867188
027169 0.5859375000 0.4750976562 0.5922851562 0.4829101562
029107 0.5789648294 0.4677426815 0.6018266678 0.4929314554
002952 0.5460205078 0.4700620174 0.5594585538 0.4826652408
029714 0.7823584080 0.4671962857 0.7953994870 0.4835650027
030220 0.3851279318 0.4426865280 0.3983858824 0.4562678635
030713 0.6437890530 0.4863354564 0.6521046162 0.4939426184
031335 0.3320312500 0.4243164062 0.3593750000 0.4516601562
034363 0.7815282941 0.4613701105 0.7942892909 0.4749644995
034603 0.1546225548 0.5107568502 0.1674106866 0.5328465700
034953 0.9427099824 0.4394531250 0.9772135019 0.4798175693
035542 0.0251891110 0.4654174745 0.0422401838 0.4921565056
035655 0.7044287324 0.3639321327 0.7337239981 0.3958333433
037304 0.2177734375 0.5156250000 0.2475585938 0.5493164062
037304 0.1337890625 0.4409179688 0.1445312500 0.4545898438
038995 0.6893408298 0.3963696361 0.7487055659 0.4538149536
039660 0.4125976562 0.4565429688 0.4311523438 0.4770507812
041462 0.2242187560 0.4710937440 0.2449218780 0.4957031310
041462 0.4441406131 0.4859375060 0.4515624940 0.4921875000
041585 0.0325521007 0.4890087843 0.0420262218 0.5006704330
043033 0.3027343750 0.4565429688 0.3310546875 0.4848632812
045641 0.6936718822 0.4847929776 0.7080100775 0.4991315901
048162 0.5373876691 0.4769067466 0.5470960736 0.4877264500
048399 0.7617187500 0.4980468750 0.7838541269 0.5221353769
004849 0.3867187500 0.4213867188 0.4018554688 0.4379882812
004867 0.3383789062 0.5034179688 0.3559570312 0.5219726562
004867 0.1699218750 0.4448242188 0.1791992188 0.4565429688
049288 0.3307290077 0.4466147423 0.3606770933 0.4772136807
049443 0.7319335938 0.4526367188 0.7641601562 0.4902343750
051947 0.2454428673 0.4928369224 0.2662760317 0.5156250000
052290 0.3266601562 0.4931640625 0.3457031250 0.5141601562
052445 0.6848974824 0.4824218750 0.7063802481 0.5039062500
054944 0.5659618974 0.4799585044 0.5812211633 0.4941073358
055055 0.0082594724 0.3561294079 0.0505286120 0.4086015522
056855 0.5642383099 0.4607666135 0.5855517387 0.4828557074
057505 0.0384114757 0.4687500000 0.0846353993 0.5273437500
057515 0.2324218750 0.4524741173 0.2610677183 0.4882815480
058257 0.2158203125 0.3798828125 0.2573242188 0.4252929688
058569 0.8365868926 0.4947900474 0.8561197519 0.5201822519
058824 0.2669272423 0.4895849526 0.2897136807 0.5117187500
060075 0.3256835938 0.4633789062 0.3486328125 0.4877929688
062953 0.2558593750 0.4809570312 0.2924804688 0.5146484375
063120 0.0709633753 0.4609375000 0.0891927257 0.4856770933
064985 0.6438818574 0.4524741173 0.6634114981 0.4733072817
065388 0.2874999940 0.4792968631 0.3066406250 0.4996093810
065736 0.6067724824 0.3912758827 0.6289062500 0.4121093750
066046 0.2231445312 0.4135742188 0.2846679688 0.4760742188
067372 0.3817470670 0.4555444419 0.3906250000 0.4660868049
068027 0.8960937262 0.4703125060 0.9261718988 0.5179687738
068359 0.6015625000 0.4663085938 0.6284179688 0.4936523438
068779 0.7343750000 0.4951171875 0.7661132812 0.5302734375
069728 0.5801122785 0.4644223750 0.5895419121 0.4744098186
069921 0.6928710938 0.4770507812 0.7211914062 0.5092773438
070510 0.7804736495 0.4758803844 0.7928757071 0.4917689860
070858 0.9511718750 0.4511718750 0.9850260019 0.5052084923
071876 0.5898437500 0.4589843750 0.6093750000 0.4785156250
072069 0.8149414062 0.4736328125 0.8325195312 0.4936523438
072895 0.2348632812 0.3945312500 0.2568359375 0.4169921875
073453 0.8723974824 0.4283852577 0.8880208731 0.4485677183
074806 0.0533852540 0.4420571327 0.0872394517 0.5195312500
075170 0.4453125000 0.3079428673 0.4869790077 0.3483072817
075615 0.9350976348 0.4599916935 0.9486606717 0.4816932976
076568 0.4833984375 0.4814453125 0.4931640625 0.4916992188
007675 0.7099511623 0.4677509665 0.7196608782 0.4771837294
078307 0.5356982350 0.4727129042 0.5450727344 0.4822663665
078340 0.4193022549 0.4700673819 0.4526291490 0.5212206841
078816 0.2805991173 0.4856772423 0.3053385317 0.5136718750
080911 0.2099609375 0.4487304688 0.2475585938 0.4868164062
081142 0.6718750000 0.4609375000 0.6979166269 0.4908854067
081422 0.7732031345 0.4960497916 0.7831920385 0.5063143373
082195 0.7650830150 0.4653222561 0.7815752625 0.4818139672
083985 0.1762338877 0.4459204078 0.1888452172 0.4779335558
084293 0.6482324004 0.4778994024 0.6589374542 0.4890924394
084332 0.7518017292 0.4836308658 0.7715636492 0.5026196837
085262 0.2597656250 0.5013037324 0.2832031250 0.5273437500
085462 0.8152050972 0.3815707862 0.8565962315 0.4232847691
085501 0.3813476562 0.4394531250 0.3999023438 0.4584960938
086665 0.4570312500 0.3793945312 0.4814453125 0.4042968750
087173 0.6868506074 0.4811196327 0.7154947519 0.5110677481
088113 0.6953125000 0.4817709923 0.7252603769 0.5123697519
088569 0.9687841535 0.4857524335 0.9785101414 0.4954791069
088586 0.6801757812 0.4418945312 0.7260742188 0.4916992188
089739 0.5687353611 0.4863393605 0.5759464502 0.4949398041
090311 0.6354150176 0.4817709923 0.6588541269 0.5045572519
090422 0.6156201363 0.4317939579 0.6481705308 0.4691329598
090985 0.9414062500 0.3813476562 0.9604492188 0.4047851562
092613 0.0787758753 0.4576821327 0.1074218750 0.4889322817
093893 0.1005571261 0.4336518645 0.1179612279 0.4583077729
093906 0.7458447218 0.4822504818 0.7590715289 0.4958680570
094028 0.7962256074 0.4609375000 0.8444010019 0.5104165077
095808 0.7695800662 0.4690224528 0.7814445496 0.4834178686
009633 0.8735351562 0.4736328125 0.8891601562 0.4941406250
098439 0.3969726562 0.2412109375 0.4584960938 0.2963867188
