000117 0.6918945312 0.4145507812 0.7084960938 0.4311523438
012614 0.2578125000 0.2280273438 0.3105468750 0.2783203125
001334 0.7630224824 0.3600258827 0.7851562500 0.3834635317
001334 0.8385400176 0.3704423904 0.8561164141 0.3912759423
001334 0.9036474824 0.3789062500 0.9205728769 0.3990885317
017405 0.7099609375 0.4672851562 0.7475585938 0.5058593750
018087 0.6285156012 0.4140625000 0.6374999881 0.4230468869
018720 0.2817382812 0.3305664062 0.3129882812 0.3642578125
018720 0.4418945312 0.3203125000 0.4770507812 0.3544921875
018720 0.6284179688 0.3208007812 0.6616210938 0.3549804688
018720 0.8989257812 0.4536132812 0.9350585938 0.4970703125
020038 0.8374023438 0.3789062500 0.8535156250 0.3974609375
021032 0.6894531250 0.3652343750 0.7089843750 0.3847656250
022069 0.7534179688 0.3837890625 0.7778320312 0.4106445312
024019 0.4714843631 0.4328125119 0.4816406369 0.4437499940
026066 0.8979492188 0.4482421875 0.9428710938 0.5112304688
027622 0.6621093750 0.4296875000 0.6881510019 0.4583333433
028040 0.3802084923 0.3945312500 0.4003906250 0.4140625000
028073 0.7740868926 0.4003906250 0.8027343750 0.4309895933
028200 0.7807617188 0.4882812500 0.8222656250 0.5317382812
031728 0.4038085938 0.3735351562 0.4272460938 0.3979492188
031801 0.3394531310 0.3011718690 0.3773437440 0.3367187381
033106 0.4445312619 0.4156250060 0.4597656131 0.4316406250
033913 0.0522460938 0.4633789062 0.0937500000 0.5166015625
035161 0.7511718869 0.3863281310 0.7660156488 0.4011718631
035205 0.8120117188 0.4868164062 0.8559570312 0.5356445312
037451 0.6488281488 0.3812499940 0.6656249762 0.3984375000
040995 0.1516928673 0.2838540077 0.1907552183 0.3255208433
043305 0.8300781250 0.4575195312 0.8603515625 0.4916992188
043326 0.4554687440 0.4128906131 0.4703125060 0.4273437560
044983 0.7623681426 0.3242187500 0.7897135019 0.3528645933
046278 0.4445312619 0.4156250060 0.4585937560 0.4300781190
047815 0.7568359375 0.4580078125 0.7958984375 0.5009765625
048738 0.6842431426 0.4694008827 0.6998697519 0.4863281250
048869 0.3371093869 0.3046875000 0.3738281131 0.3425781131
049049 0.8394531012 0.3078125119 0.8589843512 0.3296875060
049443 0.9062500000 0.4995117188 0.9248046875 0.5205078125
051071 0.4046874940 0.3742187619 0.4285156131 0.3972656131
051306 0.4433593750 0.4165039062 0.4565429688 0.4291992188
052667 0.6730468869 0.3867187500 0.6886718869 0.4023437500
052777 0.4449218810 0.4605468810 0.4542968869 0.4722656310
053003 0.6242187619 0.4078125060 0.6359375119 0.4191406369
053304 0.3136718869 0.2078125030 0.3691406250 0.2566406131
055241 0.5989599824 0.4104819298 0.6100260019 0.4208984375
059813 0.8076171875 0.4721679688 0.8403320312 0.5122070312
060094 0.1152343750 0.2571616173 0.1634114683 0.3105468750
006195 0.8496093750 0.2884116173 0.8802083731 0.3216145933
063102 0.8066406250 0.3157553673 0.8339843750 0.3470053673
063201 0.5894531012 0.4300781190 0.5968750119 0.4378906190
065090 0.5949218869 0.4152343869 0.6039062738 0.4242187440
066834 0.7233056426 0.3828125000 0.7441406250 0.4036458433
000676 0.8168945312 0.4833984375 0.8461914062 0.5170898438
006999 0.0800781250 0.3326821327 0.0996093750 0.3619791567
071807 0.6328125000 0.3964843750 0.6477864981 0.4114583433
071982 0.7768554688 0.4902343750 0.8041992188 0.5190429688
073110 0.6002587676 0.4160156250 0.6113265157 0.4270833433
000739 0.6127929688 0.4086914062 0.6230468750 0.4194335938
000073 0.0102539062 0.2509765625 0.0405273438 0.2915039062
074171 0.8110351562 0.4643554688 0.8535156250 0.5117187500
076048 0.6821289062 0.4663085938 0.7016601562 0.4858398438
079532 0.2897133827 0.3313803673 0.3268229067 0.3684895933
079556 0.6855468750 0.4511718750 0.6992171407 0.4654947817
080525 0.0507812500 0.0917968750 0.1367187500 0.1764321327
080709 0.4527343810 0.4226562381 0.4656249881 0.4359374940
081474 0.3989257812 0.4345703125 0.4140625000 0.4487304688
081474 0.4663085938 0.4311523438 0.4804687500 0.4472656250
081618 0.7135400176 0.3763022423 0.7506510019 0.4153645933
008169 0.3929687440 0.2992187440 0.4207031131 0.3253906369
084003 0.5605468750 0.4648437500 0.5771484375 0.4814453125
084729 0.8932275176 0.4466147423 0.9114551544 0.4674479067
084783 0.8808593750 0.3437500000 0.9023437500 0.3671875000
085447 0.4166665077 0.4244790077 0.4296872020 0.4381510317
086335 0.2292968780 0.2164062560 0.2648437619 0.2492187470
088027 0.9296875000 0.2612304688 0.9643554688 0.3032226562
091465 0.8919287324 0.3899741173 0.9563803673 0.4726562500
091711 0.2988281250 0.3291015625 0.3364257812 0.3642578125
092469 0.6791992188 0.4873046875 0.6982421875 0.5068359375
093045 0.6829443574 0.4101562500 0.6985677481 0.4270833433
093045 0.7571631074 0.4134116173 0.7714843750 0.4277343750
093387 0.7135400176 0.3658852577 0.7558593750 0.4095052183
094440 0.2408852577 0.3020834923 0.2825520933 0.3444011807
096303 0.9628906250 0.3369140625 0.9907226562 0.3662109375
096566 0.1848959923 0.4088540077 0.2141927183 0.4505208433
096962 0.6445312500 0.4667968750 0.6679687500 0.4892578125
097756 0.2089843750 0.2135415077 0.2610678673 0.2597656250
097756 0.4277343750 0.1829428673 0.4882812500 0.2330727577
098793 0.0000000000 0.0957031250 0.0590820312 0.1782226562
