012229 0.6621093750 0.4702148438 0.6811523438 0.4877929688
014614 0.4837192297 0.2343750000 0.5468750000 0.2855556607
014823 0.5648046732 0.4479555786 0.5757358074 0.4593732953
015645 0.6098681688 0.4129370153 0.6289450526 0.4307221770
018885 0.0173468255 0.3482216895 0.0424033701 0.3835577667
018925 0.5850536823 0.4375073314 0.5977907181 0.4500680566
022904 0.7659912109 0.3440161049 0.7984508276 0.3775856793
024993 0.5405077934 0.4367807508 0.5545976758 0.4506277442
025287 0.6171875000 0.3002929688 0.6684570312 0.3471679688
031336 0.6095752120 0.4053505957 0.6301153302 0.4255020618
033981 0.8851904273 0.3790224493 0.9098468423 0.4056118131
036836 0.8051757812 0.4721679688 0.8471679688 0.5097656250
037028 0.6458837986 0.3799892664 0.6729578972 0.4056124985
038530 0.7503076196 0.4162475467 0.7696282864 0.4326848686
039475 0.7967187762 0.4046450257 0.8170127273 0.4254331589
047022 0.1414467841 0.4776455164 0.1580874026 0.4940941334
050075 0.6274023652 0.4561167061 0.6351504922 0.4638671875
052511 0.6405468583 0.3636411130 0.6694592834 0.3912674785
005512 0.5261865258 0.3848427832 0.5544584394 0.4098992646
057768 0.5221240520 0.4176982343 0.5429219007 0.4346186519
062025 0.5230908394 0.4544399381 0.5313079953 0.4626585841
063574 0.6313818097 0.4587910175 0.6391166449 0.4689433575
006444 0.7353222370 0.4196318388 0.7522432208 0.4360689819
064626 0.5254589915 0.4444467723 0.5373868346 0.4547119141
065179 0.5327587724 0.3137568235 0.5815864801 0.3548498452
076677 0.6053906083 0.4223339856 0.6219263673 0.4380913079
077910 0.6325488091 0.4580410123 0.6428120732 0.4694160223
090420 0.2058442384 0.2115883827 0.3820083141 0.3686044812
009399 0.6015087962 0.4499975443 0.6104332209 0.4587572217
094455 0.6533984542 0.4523027241 0.6623920202 0.4612973630
094893 0.6269531250 0.4819335938 0.6396484375 0.4931640625
