012467 0.4763984382 0.4863369167 0.4850404263 0.4945468307
012467 0.6297948956 0.4872011840 0.6390867233 0.4956270456
012467 0.7261572480 0.4884960949 0.7332885265 0.4960603416
014157 0.4441030324 0.4716157317 0.4665798843 0.4913813472
014157 0.7831835747 0.4758803844 0.8013995290 0.4940941334
014157 0.9525390863 0.4816933572 0.9672636986 0.4960317314
016705 0.6315087676 0.4720053673 0.6673177481 0.5065106750
022693 0.2991689444 0.4723925889 0.3100195229 0.4956442416
024804 0.3793945312 0.2285156250 0.4243164062 0.2705078125
028455 0.7981787324 0.3287758827 0.8326822519 0.3665364683
031493 0.7053320408 0.4759526253 0.7165270448 0.4858479500
031493 0.7509130836 0.4800078273 0.7604858875 0.4894168079
031493 0.9738036990 0.4884472787 0.9811041951 0.4955832958
031493 0.8962597847 0.4853613377 0.9040486813 0.4929854572
032067 0.4065786004 0.4433208108 0.4220490158 0.4583075643
033002 0.7373046875 0.3808593750 0.7597656250 0.4042968750
041139 0.7149853706 0.4487538934 0.7277715802 0.4619295299
047168 0.6163330078 0.4103500843 0.6341189146 0.4303987920
047948 0.1329028308 0.4045297801 0.1413105428 0.4190810919
051875 0.6950439215 0.4902245998 0.7028225064 0.4973473251
051875 0.4755341709 0.4889306724 0.4828801155 0.4956270456
060598 0.5878906250 0.4134116173 0.6022135019 0.4270833433
062157 0.7305468917 0.2591645420 0.8563711047 0.4864033163
062161 0.1214277372 0.3829155266 0.1407020986 0.4143965840
066096 0.6699218750 0.3535156250 0.6972656250 0.3782552183
069413 0.4532651305 0.4773876965 0.4694114625 0.4925614297
069413 0.8591796756 0.4831074178 0.8724389672 0.4953952730
069413 0.7136669755 0.4798735380 0.7291862965 0.4941017926
000723 0.3308750093 0.2030219734 0.3989770412 0.2672695220
074243 0.8168945312 0.3374023438 0.8359375000 0.3613281250
076874 0.7607226372 0.3068403304 0.7967866659 0.3456807733
079058 0.0986264646 0.3146342635 0.1238488257 0.3527913094
081417 0.3282607496 0.4365522563 0.3848237395 0.4931157231
081474 0.5371093750 0.4282226562 0.5590820312 0.4511718750
081817 0.6048193574 0.4283852577 0.6178385019 0.4407552183
083879 0.4270522594 0.4545664191 0.4390655756 0.4685174823
008936 0.4658203125 0.2607421875 0.4980468750 0.2958984375
094665 0.1106772497 0.4361977577 0.1282552183 0.4537760317
095446 0.7493506074 0.3821616173 0.7760416269 0.4101562500
095561 0.8629540801 0.4847797751 0.8755999804 0.4983972311
