010523 0.7465820312 0.4580078125 0.7651367188 0.4775390625
011381 0.7102881074 0.4101562500 0.7324218750 0.4322916567
011535 0.8197265863 0.6063134670 0.8391292095 0.6257147193
011993 0.0391910151 0.4651523530 0.0513980463 0.4812140167
015366 0.7320312262 0.5731494427 0.7475340366 0.5872309804
018073 0.1209604517 0.4663642645 0.1301158667 0.4794034064
018203 0.4697265625 0.4956054688 0.4931640625 0.5283203125
020774 0.7617187500 0.3437500000 0.7866210938 0.3686523438
020968 0.8496093750 0.1494140625 0.8916015625 0.2119140625
025226 0.7493506074 0.4466147423 0.7675781250 0.4648437500
025332 0.8443993926 0.4199218750 0.8723958731 0.4479166567
002591 0.7543945312 0.4531250000 0.7631835938 0.4619140625
027009 0.1829428673 0.2981772423 0.2233072817 0.3671875000
029315 0.0325521007 0.4147133827 0.0462239757 0.4322916567
030205 0.9205712676 0.4648437500 0.9335937500 0.4778645933
031158 0.5247412324 0.4876303673 0.5416666269 0.5045572519
031164 0.1875000000 0.5377587676 0.2200520933 0.5800781250
031372 0.3151040077 0.4628906250 0.3294270933 0.4772135317
031755 0.8639306426 0.4329428673 0.8802083731 0.4498697817
034771 0.8385400176 0.3958334923 0.8710937500 0.4335937500
035769 0.6992187500 0.4856772423 0.7167968750 0.5058593750
037242 0.7174462676 0.5000000000 0.7324218750 0.5175781250
037635 0.5092773438 0.3676757812 0.5439453125 0.4013671875
037910 0.9304492474 0.4820810556 0.9424666166 0.4944816530
039493 0.2259116173 0.4466147423 0.2441406250 0.4759114683
044936 0.6226562262 0.4574218690 0.6398437619 0.4742187560
044966 0.8828125000 0.4322915077 0.9101562500 0.4635416567
045417 0.3307290077 0.3789062500 0.3483072817 0.3951822817
049474 0.5299462676 0.4843750000 0.5533853769 0.5078125000
000505 0.0361328125 0.4536132812 0.0546875000 0.4780273438
051366 0.0461154282 0.4793681502 0.0554160662 0.4909938872
052252 0.3893227577 0.4733071327 0.4055989683 0.4915364683
052335 0.1282553673 0.4531250000 0.1927084923 0.5195312500
054874 0.2998046875 0.3559570312 0.3515625000 0.4218750000
055359 0.4570312500 0.3072915077 0.4915364683 0.3391925693
056576 0.5644531250 0.4446616173 0.5794271231 0.4596354067
057995 0.6367187500 0.4565429688 0.6464843750 0.4667968750
058835 0.0800781250 0.4205727577 0.1067709997 0.4622395933
059252 0.8333349824 0.3730468750 0.8671875000 0.4101562500
059515 0.1899414062 0.4687500000 0.2089843750 0.4887695312
061383 0.0512695312 0.4062500000 0.0864257812 0.4672851562
064371 0.6061181426 0.4921875000 0.6263021231 0.5110677481
065785 0.9091796875 0.4838867188 0.9155273438 0.4941406250
066096 0.6705712676 0.3255209923 0.6959635019 0.3496093750
066449 0.1126303747 0.3704428673 0.1451822817 0.4179687500
068066 0.5579443574 0.4765625000 0.5690103769 0.4876302183
068158 0.6992187500 0.4863281250 0.7128906250 0.5000000000
069211 0.6489257812 0.4536132812 0.6562500000 0.4624023438
069666 0.2998046875 0.4731445312 0.3076171875 0.4824218750
007331 0.7402343750 0.3951821327 0.7656250000 0.4225260317
075067 0.3860678673 0.0807290003 0.4713540077 0.1386718750
075607 0.4283852577 0.5078125000 0.4453125000 0.5240885019
076771 0.5289062262 0.4789062440 0.5359374881 0.4871093631
079058 0.0278093759 0.2405834943 0.0594991706 0.2803575099
082136 0.8710937500 0.4544272423 0.9505224824 0.5377602577
083878 0.0566406250 0.4506835938 0.0781250000 0.4755859375
084586 0.7617187500 0.4808593690 0.7816406488 0.5019531250
084626 0.1290800720 0.4665263593 0.1387492120 0.4790962040
086812 0.9388037324 0.3932290077 0.9589843750 0.4212239683
088735 0.0000000000 0.4521484375 0.0151367188 0.4692382812
090633 0.1256508827 0.4368491173 0.1464843750 0.4576822817
090960 0.3017578125 0.4667968750 0.3232421875 0.4868164062
093103 0.6171875000 0.4856772423 0.6477864981 0.5136721730
094063 0.2395834923 0.2578125000 0.2740885317 0.3248696327
095446 0.7506493926 0.4628906250 0.7786458731 0.4908854067
097925 0.0149739748 0.4648437500 0.0423177257 0.4967447817
