010128 0.7735888958 0.2747553587 0.8224189281 0.3235833645
010189 0.5086279511 0.4527216852 0.5153490305 0.4589136243
010214 0.9436230659 0.3983754814 0.9606739879 0.4196893573
010227 0.7812500000 0.1799936593 0.8607124090 0.2546723485
001031 0.7691650391 0.4404199123 0.7802830935 0.4515393078
010446 0.8606787324 0.4329428673 0.8847688437 0.4563803673
010496 0.2441406250 0.3446689546 0.2585018575 0.3800934553
010502 0.4999072254 0.4495288134 0.5111452341 0.4619295299
010523 0.6113281250 0.4106445312 0.6250000000 0.4257812500
010570 0.7490869164 0.4584418833 0.7560608983 0.4661927223
010741 0.1117905304 0.3964072168 0.1252826601 0.4182514250
010790 0.3980620205 0.3970922828 0.4051761627 0.4210214317
010820 0.7314502001 0.4536811411 0.7534390092 0.4759935141
011050 0.6245117188 0.3974609375 0.6440429688 0.4184570312
011335 0.1376953125 0.4082031250 0.1557617188 0.4360351562
011623 0.3076171875 0.4321289062 0.3227539062 0.4511718750
011722 0.6810058355 0.4595019519 0.6910311580 0.4701727927
012004 0.7177734375 0.3129882812 0.7690429688 0.3666992188
012339 0.1851562560 0.4285156131 0.1929687560 0.4460937381
012420 0.5910400152 0.4700620174 0.6036710739 0.4826939404
012529 0.5671240091 0.4187006950 0.5834017992 0.4330616593
012579 0.7934570312 0.4850688577 0.8088763952 0.4998458028
012604 0.6014062762 0.4176982343 0.6188118458 0.4360689819
012654 0.6264648438 0.3027343750 0.6733398438 0.3515625000
012686 0.9123144746 0.4201787114 0.9251644611 0.4375256896
013044 0.5797363520 0.4379028380 0.5909757614 0.4496055245
013098 0.9560253620 0.4328652322 0.9653273225 0.4468161166
013143 0.6396484375 0.4311523438 0.6518554688 0.4438476562
013456 0.5769433379 0.4311010838 0.5904347897 0.4478053153
013497 0.6858593822 0.4559448361 0.6945881844 0.4656457007
013802 0.6056640744 0.4543281198 0.6142268181 0.4649989605
013818 0.6492431760 0.4485278428 0.6587488055 0.4582500458
013869 0.9267675877 0.4597578049 0.9374035001 0.4718435407
013870 0.2377158254 0.4285312593 0.2486379445 0.4445929229
000138 0.0261061043 0.4462212026 0.0338412598 0.4583072662
013919 0.7783740163 0.4078584015 0.7984823585 0.4308368564
013942 0.0798300803 0.3270708025 0.1023067906 0.3615608513
013952 0.8271484375 0.4555664062 0.8432617188 0.4731445312
014331 0.2412109375 0.4497070312 0.2529296875 0.4682617188
000143 0.4183681607 0.4671962857 0.4291882217 0.4771837294
014459 0.1448676735 0.4465673864 0.1542451233 0.4582082927
014459 0.6266796589 0.4501240253 0.6360591054 0.4598250091
014505 0.6391601562 0.4321289062 0.6523437500 0.4453125000
014558 0.4169921875 0.4643554688 0.4282226562 0.4770507812
014625 0.2075195312 0.4863281250 0.2158203125 0.4951171875
014663 0.7192382812 0.4296875000 0.7290039062 0.4433593750
014724 0.6351513863 0.4413906336 0.6463895440 0.4530164897
014819 0.7583007812 0.3886718750 0.7895507812 0.4213867188
001510 0.2447832078 0.4304584861 0.2569901347 0.4458778799
001512 0.8640332222 0.4494775534 0.8734090328 0.4615420401
015237 0.6498779058 0.4824682474 0.6886289716 0.5208333731
015332 0.0757949203 0.4755063355 0.0821473151 0.4835936129
015375 0.5598291159 0.4650756717 0.5695002675 0.4752281606
015520 0.2272202075 0.4056118131 0.2426902801 0.4259164631
015641 0.1561728567 0.3654360473 0.1732237339 0.3976004422
001569 0.7065722942 0.1646757871 0.7783803940 0.2393539995
015766 0.0006424756 0.4587275386 0.0122070266 0.4741467834
015766 0.5171923637 0.4715766609 0.5300396085 0.4863538146
015779 0.8252441287 0.4225327075 0.8378132582 0.4394531250
015796 0.6304150224 0.4051284194 0.6507194042 0.4264000356
016360 0.1323242188 0.4555664062 0.1528320312 0.4931640625
016394 0.6676074266 0.4820161164 0.6762491465 0.4900099039
016433 0.4213867188 0.4531250000 0.4311523438 0.4628906250
016686 0.5514501929 0.4743305743 0.5584232211 0.4809182584
016840 0.6708984375 0.4370117188 0.6835937500 0.4506835938
016921 0.0781250000 0.1860351562 0.1362304688 0.2504882812
001731 0.5019531250 0.3242187500 0.5493164062 0.3710937500
017370 0.6577148438 0.4711914062 0.6738281250 0.4877929688
017722 0.9116210938 0.3613281250 0.9340820312 0.3891601562
017779 0.1364086866 0.4084511697 0.1491970718 0.4251146913
017912 0.3638857305 0.4576669931 0.3716362715 0.4669673741
017968 0.2851562500 0.4296875000 0.2929687500 0.4404296875
017985 0.6090673804 0.4208212793 0.6270558834 0.4375256896
017987 0.9316406250 0.4697265625 0.9497070312 0.4926757812
018029 0.0719570294 0.3951225579 0.0867341831 0.4214638174
018096 0.3256835938 0.2236328125 0.3784179688 0.2744140625
018266 0.7304687500 0.3657226562 0.7558593750 0.3930664062
018390 0.7314648628 0.2517997921 0.7869946361 0.3073300719
018397 0.8068749905 0.4065786004 0.8238106370 0.4254331589
018408 0.7281005979 0.4517680705 0.7365269065 0.4601942897
018447 0.0134919919 0.3657324314 0.0301963370 0.3877527416
018569 0.6572265625 0.4282226562 0.6733398438 0.4438476562
018605 0.7955908179 0.4568915963 0.8060516119 0.4673549235
018639 0.5404345989 0.4616474509 0.5468177199 0.4685833156
018716 0.8432617188 0.4477539062 0.8588867188 0.4643554688
018733 0.4916992188 0.4902343750 0.5000000000 0.4990234375
001883 0.0000000000 0.4687500000 0.0131835938 0.4936523438
018935 0.1542968750 0.4335937500 0.1679687500 0.4477539062
019000 0.3580727577 0.5673388839 0.3712485731 0.5812889934
001905 0.6638281345 0.3968251944 0.6863051057 0.4196895361
019471 0.6498779058 0.4572792947 0.6591796875 0.4665798843
001951 0.7419775128 0.4537832141 0.7497593760 0.4628057182
001951 0.6795263886 0.4498911202 0.6876627207 0.4585597515
019713 0.3818359375 0.3916015625 0.4042968750 0.4140625000
019715 0.0673828125 0.4462890625 0.0898437500 0.4658203125
019871 0.2383583933 0.3816303611 0.2903989255 0.4645097554
019973 0.7049365044 0.4588549733 0.7130199671 0.4679092169
020015 0.8675195575 0.3929033279 0.8829376698 0.4128198326
020566 0.6173291206 0.4286020398 0.6293407083 0.4421656132
020600 0.2573198378 0.6140234470 0.2674744129 0.6254753470
020605 0.3867573142 0.4312343895 0.4012608528 0.4496055245
020774 0.7929687500 0.4375000000 0.8100585938 0.4570312500
020968 0.2700195312 0.4755859375 0.3056640625 0.5200195312
020986 0.5727539062 0.3725585938 0.6025390625 0.4023437500
021005 0.5782275200 0.4163242280 0.5975036025 0.4349558055
021126 0.1105058566 0.3739204109 0.1265676320 0.3970497549
021126 0.9553613067 0.4490903318 0.9649918675 0.4657946229
021216 0.1045917943 0.5787255764 0.1204056144 0.5992551446
021261 0.7030468583 0.4310883880 0.7149137855 0.4443165958
021294 0.1832133830 0.4046684504 0.1946643591 0.4264898896
021294 0.0743222684 0.3783100545 0.0935510248 0.4053164423
021298 0.4995117188 0.4160156250 0.5136718750 0.4311523438
021378 0.6171875000 0.4667968750 0.6406250000 0.4907226562
021378 0.1948242188 0.4936523438 0.2041015625 0.5043945312
021427 0.6655273438 0.4121093750 0.6875000000 0.4340820312
021529 0.6757812500 0.3730468750 0.7070312500 0.4072265625
021588 0.5768212676 0.3808593750 0.6041666269 0.4082031250
021671 0.1895112246 0.3930419981 0.2011138648 0.4181814492
002170 0.8208007812 0.4760742188 0.8295898438 0.4863281250
021745 0.9409081936 0.4355771542 0.9467205405 0.4460407794
021919 0.7978515625 0.3930664062 0.8261718750 0.4248046875
022183 0.5842724442 0.4427822232 0.5948153138 0.4549893439
022219 0.5773193240 0.4164750874 0.5930047631 0.4368832111
002231 0.8043798804 0.4542299807 0.8204417825 0.4728618562
022415 0.7021972537 0.4390654266 0.7107204795 0.4491412640
022436 0.7843505740 0.4382905364 0.7936508060 0.4495287538
022599 0.5646679401 0.4471884668 0.5728844404 0.4563737810
022748 0.7783496380 0.4467045963 0.7880182862 0.4587910175
022827 0.5371093750 0.4648437500 0.5615234375 0.4892578125
022974 0.6086572409 0.4341352582 0.6207456589 0.4476717412
023019 0.8445800543 0.4007773399 0.8653636575 0.4259166420
023068 0.9847802520 0.4394531250 0.9973507524 0.4554068744
023088 0.6142578125 0.4082031250 0.6308593750 0.4262695312
023140 0.7101562619 0.3574218750 0.7359374762 0.3861359954
002315 0.8994140625 0.3798828125 0.9291992188 0.4145507812
023204 0.6899707317 0.4646997154 0.7063414454 0.4810680151
023320 0.0082031246 0.4562500119 0.0234375000 0.4707031250
023475 0.6054687500 0.3294272423 0.6451822519 0.3671875000
023651 0.5828369260 0.4526289105 0.5929129124 0.4634796381
023962 0.7010693550 0.4103227556 0.7191051245 0.4283558130
024138 0.7015283108 0.4565214813 0.7099522948 0.4647313952
024178 0.5332275629 0.4604716897 0.5416364670 0.4688793421
024284 0.8466796875 0.4584960938 0.8603515625 0.4741210938
024352 0.3992250860 0.4413950145 0.4094901979 0.4533248544
002443 0.6308593750 0.3583984375 0.6562500000 0.3842773438
024550 0.5491210818 0.4441035092 0.5584232211 0.4549540877
000245 0.5900976658 0.4738549888 0.6125710607 0.4985462427
002468 0.6558593512 0.4449218810 0.6816406250 0.4707031250
002468 0.5847656131 0.4589843750 0.5960937738 0.4703125060
024747 0.8808447123 0.4510791004 0.8889818788 0.4634796381
024804 0.5226562619 0.4585937560 0.5304687619 0.4671874940
024893 0.5219873190 0.4431264699 0.5321413279 0.4537128806
025058 0.9693115354 0.4263999164 0.9828473330 0.4452545047
025217 0.8012890816 0.4468452036 0.8114028573 0.4577393532
025217 0.7226952910 0.4408149421 0.7326164246 0.4532651007
025220 0.4902197123 0.4210214913 0.5034794211 0.4362194240
025287 0.6752929688 0.3090820312 0.7236328125 0.3588867188
025296 0.7421435714 0.4418300688 0.7516518831 0.4519844651
025418 0.1601562500 0.4047851562 0.2128906250 0.4575195312
002560 0.8583984375 0.3666992188 0.8818359375 0.3930664062
025773 0.6246142387 0.4602411985 0.6333152652 0.4713605940
002591 0.6801757812 0.4248046875 0.6909179688 0.4365234375
026127 0.7822265625 0.4423828125 0.7900390625 0.4511718750
026203 0.7755078077 0.2833945453 0.8262485266 0.3331801891
026206 0.5197607279 0.4201787114 0.5396792889 0.4381680191
026243 0.5701953173 0.4500678778 0.5783313513 0.4596212506
026325 0.8801904321 0.4188940525 0.8904708028 0.4362407625
026329 0.9319970608 0.4138764739 0.9471105933 0.4336402416
026515 0.2344394475 0.4756699204 0.2444640100 0.4908675253
026582 0.5523095727 0.4759931564 0.5600683093 0.4834307730
026724 0.8422851562 0.4624023438 0.8583984375 0.4814453125
026789 0.2642461061 0.0478707030 0.3073299825 0.1426548809
027169 0.2958984375 0.3974609375 0.3134765625 0.4179687500
027229 0.4602866173 0.3274741173 0.4947916567 0.3606775403
027441 0.2262534201 0.4534731507 0.2475249469 0.4834467173
027520 0.2655029297 0.4580410123 0.2852004468 0.4880036712
027609 0.7192382812 0.4482421875 0.7441406250 0.4755859375
027645 0.6209863424 0.4602724612 0.6269772053 0.4670127034
027745 0.6603417993 0.3681484461 0.6897941232 0.3978767097
027969 0.5839843750 0.4316406250 0.5957031250 0.4443359375
027983 0.1360678673 0.4238281250 0.1621093750 0.4654947817
027986 0.9645996094 0.5713866949 0.9759173393 0.5875543356
002799 0.4638671875 0.3920898438 0.4794921875 0.4111328125
028009 0.2779819369 0.3867573142 0.2895846069 0.4128635824
028075 0.7666015625 0.4296875000 0.7954101562 0.4604492188
028184 0.6619677544 0.4438256919 0.6743625402 0.4567006230
028320 0.1092207059 0.3925522566 0.1207853481 0.4124691486
028356 0.7886865139 0.5620117188 0.8029165268 0.5755909085
028763 0.4297651350 0.4468159080 0.4398406744 0.4584418535
028834 0.9262695312 0.4501953125 0.9565429688 0.4824218750
028927 0.9476513863 0.4747890532 0.9611456394 0.4908511639
029002 0.7456787229 0.4481840730 0.7550573945 0.4598251581
029008 0.5361328125 0.4663085938 0.5439453125 0.4741210938
029071 0.6254882812 0.4750976562 0.6586914062 0.5117187500
029175 0.7973095775 0.4098994136 0.8109291196 0.4259609878
029297 0.3265624940 0.4539062381 0.3332031369 0.4617187381
029324 0.1227128878 0.5576708913 0.1477693319 0.6045693159
029332 0.5197070241 0.4297841787 0.5322749019 0.4423538148
029448 0.5597460866 0.4585317373 0.5699837208 0.4723275006
029507 0.5440869331 0.4495288134 0.5514478087 0.4572792351
029597 0.8994140625 0.4545898438 0.9091796875 0.4653320312
029614 0.6518554688 0.5009765625 0.6801757812 0.5288085938
029875 0.1267206967 0.4448784292 0.1348586380 0.4561167061
030029 0.0344896987 0.4344155192 0.0430152342 0.4456535280
030029 0.7188574076 0.4522412121 0.7266089916 0.4603794515
003027 0.9160693288 0.5762206912 0.9342933297 0.5958962440
030328 0.4018554688 0.3745117188 0.4331054688 0.4052734375
003097 0.6536328197 0.4250268638 0.6683362722 0.4402854145
000309 0.0797685534 0.4554067254 0.0913714319 0.4699102640
031005 0.5653759837 0.4098994136 0.5859375000 0.4272460938
031028 0.1173334941 0.3877099752 0.1302083433 0.4115166366
031421 0.7827978730 0.4162016511 0.7986886501 0.4344152808
031516 0.2205014676 0.4344155192 0.2329023927 0.4495287538
031602 0.5520946980 0.4409033060 0.5646657944 0.4544399977
031765 0.5774121284 0.4452661276 0.5898128748 0.4580543041
031784 0.5116162300 0.4329716861 0.5217731595 0.4413976073
031816 0.5399804711 0.4968994260 0.5801926255 0.5734912157
032067 0.3795058727 0.4433212876 0.3944928348 0.4583077729
032108 0.5304150581 0.4569536150 0.5381920338 0.4649479091
032162 0.3304731548 0.2849731445 0.3492534161 0.3364790082
000321 0.8798828125 0.4545898438 0.8984375000 0.4697265625
032223 0.0747070312 0.3452148438 0.1127929688 0.3847656250
032356 0.5691211224 0.4582085013 0.5801169276 0.4685559571
003236 0.4433593750 0.3938803673 0.4609375000 0.4114583433
032920 0.2954101562 0.4770507812 0.3164062500 0.5019531250
032957 0.1928955019 0.4853808582 0.2064318806 0.5027847886
003299 0.7524414062 0.4145507812 0.7631835938 0.4267578125
033024 0.8271679878 0.4478608370 0.8365454078 0.4582082927
033127 0.6044091582 0.4435166121 0.6153907180 0.4553416967
033175 0.0613979474 0.4027109444 0.0768680200 0.4254331589
033182 0.5249023438 0.4747890532 0.5409641862 0.4927785695
033187 0.2431738228 0.4539565444 0.2523592412 0.4631420374
033292 0.6748046875 0.3603515625 0.7016601562 0.3867187500
033520 0.5631787181 0.4579340816 0.5709599257 0.4664933980
003360 0.0301963370 0.4131118059 0.0436883308 0.4336708486
033768 0.7532079816 0.4505722523 0.7628790140 0.4612082541
033871 0.5238525271 0.4607954025 0.5325822830 0.4698494673
033967 0.7338867188 0.4809570312 0.7480468750 0.4931640625
034126 0.4360351562 0.4604492188 0.4477539062 0.4716796875
034312 0.5424511433 0.4195331931 0.5599444509 0.4362953007
003452 0.7299804688 0.2226562500 0.7729492188 0.2631835938
034548 0.7683154345 0.4227485359 0.7770467997 0.4371895492
003457 0.5827246308 0.3848427832 0.6012561321 0.4078584611
034778 0.6355956793 0.4896679819 0.6478049159 0.5032625794
035089 0.7556738257 0.4553417861 0.7641988993 0.4661924839
035408 0.6099658012 0.4510791004 0.6173615456 0.4626585841
035422 0.9848632812 0.4331054688 0.9995117188 0.4565429688
035422 0.7373046875 0.4936523438 0.7441406250 0.5024414062
035507 0.5390478373 0.4324775338 0.5541604757 0.4479786754
035646 0.6860107183 0.4346186519 0.7019647360 0.4520227611
035655 0.7363281250 0.3652343750 0.7669271231 0.3977864683
035687 0.1317075193 0.4696494043 0.1516241729 0.4985608459
035743 0.8286279440 0.4244663119 0.8411974311 0.4428372681
035824 0.9106445312 0.2885742188 0.9453125000 0.3330078125
003589 0.9849169850 0.4163242280 0.9984066486 0.4394531250
035984 0.9516601562 0.4819335938 0.9589843750 0.4902343750
036046 0.6437597871 0.3180253804 0.6835937500 0.3527189493
036118 0.2543945312 0.2065429688 0.2983398438 0.2475585938
036185 0.5922216773 0.4355854392 0.6052753925 0.4505724013
036272 0.5363769531 0.4622880816 0.5419666767 0.4678754807
003634 0.6302685738 0.4073295891 0.6489000916 0.4298160076
036465 0.5620800853 0.4428374171 0.5698464513 0.4511052668
036477 0.6774657965 0.3407880962 0.7138841748 0.3841354847
036477 0.4897509813 0.4808549881 0.5070031285 0.4981536269
000364 0.7187500000 0.4101562500 0.7333984375 0.4252929688
036541 0.5075097680 0.4625707865 0.5159348845 0.4712129831
036550 0.5367236137 0.4549540877 0.5460224748 0.4661923349
036685 0.9252929688 0.4624023438 0.9462890625 0.4838867188
003668 0.6064453125 0.3300781250 0.6386718750 0.3603515625
036756 0.9348974824 0.2760415077 0.9765625000 0.3229166567
036857 0.5270849466 0.4565913081 0.5338737965 0.4659690559
037104 0.7548828125 0.3989257812 0.7734375000 0.4213867188
037124 0.8759765625 0.1318359375 0.9340820312 0.2036132812
037446 0.7407763600 0.2852592766 0.7863897681 0.3315172791
037500 0.5429687500 0.2877602577 0.5930991173 0.3333333433
037635 0.6806640625 0.4750976562 0.7031250000 0.4995117188
037789 0.3580727577 0.4510791004 0.3685360849 0.4631420374
038030 0.5351758003 0.4679765701 0.5453279614 0.4771619737
038108 0.1443979442 0.4825776219 0.1531619579 0.4910634160
038167 0.9545898438 0.4506835938 0.9741210938 0.4780273438
038167 0.5732421875 0.4707031250 0.5917968750 0.4907226562
038175 0.8506006002 0.4385683537 0.8615687490 0.4505986869
038175 0.7603759766 0.4307841659 0.7732889056 0.4440528750
038304 0.5763720870 0.2096738219 0.6462544203 0.2709482312
038486 0.0191482417 0.0727636740 0.0957415029 0.1608456969
038527 0.3964843750 0.5014648438 0.4052734375 0.5112304688
038711 0.5422949195 0.4571694434 0.5498589873 0.4660276771
039248 0.7933349609 0.4384863377 0.8078395724 0.4568572342
039382 0.2255859375 0.4418945312 0.2397460938 0.4570312500
000394 0.7864599824 0.3639321327 0.8085937500 0.3893229067
039591 0.7091699243 0.4510791004 0.7173084021 0.4607670009
039628 0.5540381074 0.4231772423 0.5709635019 0.4459635317
039681 0.5417773724 0.4520976543 0.5493642688 0.4598790407
040022 0.8707665801 0.4526289105 0.8777434826 0.4607670009
040043 0.7921728492 0.4195366204 0.8069490194 0.4355982840
000400 0.8207763433 0.4441035092 0.8312407136 0.4565041959
040375 0.5317382812 0.4648437500 0.5419921875 0.4741210938
040486 0.5380859375 0.4384765625 0.5517578125 0.4516601562
040588 0.2646484375 0.3691406250 0.2802734375 0.3901367188
040879 0.6508789062 0.3881835938 0.6708984375 0.4096679688
041052 0.5680517554 0.4312343895 0.5786858201 0.4433206916
004107 0.7025830150 0.4421660304 0.7142075300 0.4537915587
041097 0.7591601610 0.4173642695 0.7758246660 0.4340277910
041129 0.7486962676 0.4127138555 0.7634198666 0.4282148480
041139 0.6917334199 0.4479785264 0.7041325569 0.4623170793
041163 0.4439272583 0.4841957986 0.4522923827 0.4929501116
041274 0.0725996122 0.3964072168 0.0886615738 0.4188939035
041321 0.6879882812 0.4853515625 0.6992187500 0.4965820312
041415 0.2968750000 0.3815102577 0.3229166567 0.4101562500
041415 0.1282553673 0.3378906250 0.2213540077 0.4511718750
041460 0.7135400176 0.3958334923 0.7311197519 0.4140625000
041568 0.8725585938 0.4257812500 0.8886718750 0.4453125000
000415 0.5762060285 0.4559882879 0.5851570368 0.4657151997
041626 0.5448437333 0.4534731507 0.5549969077 0.4665261209
041653 0.7278662324 0.2669272423 0.7838554978 0.3177084923
041865 0.6137011647 0.3714765608 0.6433823705 0.4049862325
041988 0.9515966773 0.4943847656 0.9596404433 0.5029851794
042016 0.9290966988 0.4873085916 0.9395992160 0.5003423095
042060 0.0182136726 0.4363530278 0.0310020018 0.4534040093
042293 0.5549365282 0.4553417861 0.5634610653 0.4654172957
004232 0.6132812500 0.4946289062 0.6220703125 0.5039062500
004233 0.1029741243 0.3978764713 0.1155437976 0.4181813598
004233 0.8184765577 0.4380029440 0.8315284848 0.4515393078
042515 0.7773437500 0.4628906250 0.7866210938 0.4731445312
004256 0.8232421875 0.3940429688 0.8427734375 0.4145507812
042593 0.7993164062 0.3559570312 0.8198242188 0.3784179688
042664 0.2929687500 0.2553789020 0.3142827153 0.3104077280
042709 0.3689594865 0.3563481569 0.3783372641 0.3886845708
042804 0.7924804688 0.4047851562 0.8125000000 0.4243164062
042818 0.3405117095 0.3398696184 0.3578583598 0.3809878826
042881 0.5356445312 0.4868164062 0.5458984375 0.4951171875
043070 0.1274199188 0.5489746332 0.1377302259 0.5635644794
043248 0.6727441549 0.4526289105 0.6808810830 0.4607664943
004342 0.7822167873 0.3833730519 0.8088063598 0.4080295861
004348 0.3632812500 0.4008789062 0.3828125000 0.4208984375
043560 0.7356347442 0.2627724707 0.7876747847 0.3186679780
043598 0.5757861137 0.4428374171 0.5888381600 0.4563737810
043773 0.4895654321 0.4176088870 0.5101255774 0.4381684959
043867 0.5664941669 0.4433422983 0.5764335394 0.4541447759
044244 0.8598632812 0.4897460938 0.9086914062 0.5468750000
044361 0.8750000000 0.3422851562 0.8959960938 0.3681640625
044376 0.4741469622 0.3482216895 0.5049855709 0.3822728097
044480 0.7316455245 0.4530166090 0.7401692271 0.4630921483
044600 0.5572168231 0.4316923916 0.5691224933 0.4468904734
044708 0.9792187214 0.5933740139 0.9898347855 0.6046937704
044936 0.5089843869 0.4128906131 0.5261718631 0.4312500060
044957 0.5586327910 0.4137456119 0.5779055357 0.4330198765
044969 0.5762255788 0.4724677801 0.5873246789 0.4832874537
044980 0.7557275295 0.4494409263 0.7632169127 0.4591508210
045259 0.9156494141 0.4428374171 0.9287012815 0.4587910175
045438 0.2982866168 0.3785390556 0.3045711815 0.4027111828
045438 0.9035644531 0.4341352582 0.9127475023 0.4476717412
045767 0.6478173733 0.3746713996 0.6768254638 0.4012608528
045777 0.8676660061 0.4413906336 0.8785187006 0.4529896379
045793 0.7358398438 0.3974609375 0.7495117188 0.4125976562
045846 0.5316162109 0.3886850476 0.5552200079 0.4116438329
045966 0.7780908346 0.4285210073 0.7914540768 0.4426109493
045973 0.5703125000 0.3471679688 0.5942382812 0.3691406250
046163 0.5355615020 0.4483662248 0.5433097482 0.4572792351
046180 0.5346924067 0.4737778306 0.5429107547 0.4815129936
004620 0.7087353468 0.4326850474 0.7189298868 0.4457379282
046341 0.6300488114 0.3892377913 0.6544633508 0.4125421941
046428 0.0295538567 0.4407382905 0.0398334488 0.4535875916
046591 0.6804101467 0.5348095894 0.6880177259 0.5431198478
046630 0.8102636933 0.4698823094 0.8185787797 0.4790817499
046729 0.6336035132 0.3739614189 0.6611173153 0.3999255896
046818 0.7304785252 0.4416728616 0.7424103618 0.4533248544
046891 0.0332031250 0.4350585938 0.0615234375 0.4677734375
046960 0.7928760052 0.4472036064 0.8017888069 0.4576667845
047168 0.6357324123 0.4106738269 0.6525506973 0.4320159554
047192 0.2721806765 0.4346186519 0.2862004936 0.4491220713
047240 0.4417783320 0.4568915963 0.4499163032 0.4665798843
047375 0.8007812500 0.2792968750 0.8369140625 0.3193359375
047738 0.9057470560 0.3783369064 0.9270876646 0.4051764011
000478 0.5570263863 0.4420229495 0.5685907006 0.4568002522
047910 0.5554785132 0.4597578049 0.5646657944 0.4703936875
048010 0.4963671863 0.4488305748 0.5038027763 0.4585316479
048010 0.4407465756 0.4734062552 0.4459204078 0.4801964760
048010 0.9367871284 0.4478608370 0.9429325461 0.4565914571
004809 0.5146484375 0.4360351562 0.5302734375 0.4511718750
048103 0.4808593690 0.4511718750 0.4882812500 0.4582031369
048123 0.3191611469 0.4536811411 0.3265987337 0.4620886743
048184 0.8895410299 0.4346186519 0.9001779556 0.4476717412
048406 0.5250244141 0.4418701231 0.5356590152 0.4539558589
048424 0.7293701172 0.4067163169 0.7637717128 0.4413951635
048435 0.5777197480 0.4085126817 0.5980236530 0.4317179620
004849 0.5625000000 0.4516601562 0.5708007812 0.4619140625
048540 0.8489306569 0.4360688329 0.8615021706 0.4510558546
048565 0.8076074123 0.4405629933 0.8187056184 0.4527698755
004863 0.2615790963 0.4045756757 0.2685546875 0.4251146913
048866 0.7632617354 0.2672695220 0.8056640625 0.3122430146
048965 0.7723388672 0.4425532222 0.7808624506 0.4534040093
004902 0.1402343810 0.4542968869 0.1460937560 0.4617187381
004902 0.5976562500 0.4113281369 0.6093225479 0.4234375060
049100 0.7165331841 0.4588295817 0.7242838144 0.4673549235
004918 0.6337890625 0.3906250000 0.6533203125 0.4101562500
049248 0.5518847704 0.4258588850 0.5640933514 0.4386211038
049402 0.5654052496 0.4352920055 0.5787242651 0.4497183561
049490 0.2647153437 0.4579228461 0.2718306780 0.4690998495
049566 0.7448681593 0.2460556626 0.7898655534 0.3035004735
049631 0.6835937500 0.3122431636 0.7272838354 0.3565738201
049687 0.8564208746 0.4908496141 0.8711965084 0.5075555444
049763 0.5404931903 0.4529897571 0.5496789813 0.4641088843
049843 0.8717920184 0.4970117211 0.8792296648 0.5070364475
049945 0.6440429688 0.3696289062 0.6787109375 0.4038085938
049984 0.0064247558 0.4388105571 0.0141344722 0.4523026347
050248 0.7739990354 0.4539565444 0.7822183371 0.4641088843
050524 0.5008935332 0.4054999948 0.5206199884 0.4255485237
000505 0.0161132812 0.4521484375 0.0346679688 0.4790039062
050625 0.6354150176 0.4514033198 0.6440765262 0.4608896375
050796 0.5827001929 0.4658119977 0.5930684805 0.4763985276
005080 0.6066796780 0.4677563608 0.6127281785 0.4742377400
005081 0.6855273247 0.4906982481 0.7058323026 0.5110016465
051001 0.6729589701 0.3814394474 0.6961633563 0.4060953259
051031 0.6636767387 0.3687807620 0.6932308674 0.3970497549
051290 0.6246142387 0.4404199123 0.6376695037 0.4544399977
051709 0.5550976396 0.2126591802 0.6219140887 0.2756220698
051753 0.7989550829 0.2661518455 0.8573598862 0.3188095689
051843 0.5743114948 0.4468159080 0.5843874216 0.4596043825
051859 0.0340511724 0.4760742188 0.0488281250 0.4953484833
051886 0.5351709127 0.4599916935 0.5406664014 0.4669391513
052128 0.9219531417 0.3437241316 0.9746352434 0.4021894634
052207 0.8862304688 0.4721679688 0.8955078125 0.4833984375
052281 0.8271777630 0.4230161011 0.8397470713 0.4384862185
052333 0.9082031250 0.3027343750 0.9375000000 0.3393554688
052491 0.0444771014 0.4259164929 0.0551129393 0.4438041449
005257 0.6555322409 0.4250664115 0.6698913574 0.4403849542
052662 0.0603925772 0.3398696184 0.0880191401 0.3809878826
005275 0.8037256002 0.4379028380 0.8153522015 0.4514664114
005282 0.7561084032 0.4486386776 0.7657796741 0.4597579241
052862 0.8033837676 0.1484375000 0.8671875000 0.2239584923
052875 0.8067578077 0.6182470918 0.8142891526 0.6272361279
053176 0.9316064715 0.3336586952 0.9618365765 0.3724114895
053326 0.7548828125 0.4042968750 0.7797851562 0.4311523438
053459 0.2446240187 0.4317177832 0.2581605911 0.4447710514
053500 0.6375732422 0.4558730423 0.6462164521 0.4647313952
053500 0.5699462891 0.4543603659 0.5785905123 0.4625706673
053722 0.4931152463 0.4481552839 0.5027846694 0.4587910175
053765 0.3894531131 0.4816406369 0.4191406369 0.5124999881
053770 0.9564697146 0.4038042128 0.9696499705 0.4228172004
053794 0.6238427758 0.3392270505 0.6630316973 0.3758480549
054036 0.9412255883 0.4111840725 0.9553607702 0.4285310507
054091 0.7720654011 0.4491220713 0.7817334533 0.4592744708
054237 0.9320312738 0.4582031369 0.9484375119 0.4742187560
054251 0.4995996058 0.3754267693 0.5261149406 0.4029129744
054328 0.6634325981 0.4464980364 0.6733908653 0.4567008913
054487 0.2172851562 0.4726562500 0.2299804688 0.5034179688
054739 0.6516162157 0.4504716694 0.6609066129 0.4606262743
054749 0.6748046875 0.4501953125 0.6831054688 0.4594726562
054864 0.9919824004 0.4098994136 0.9996916056 0.4298160076
054963 0.7527929544 0.4607954025 0.7587624788 0.4696499109
055149 0.5514306426 0.2617187500 0.6119790077 0.3157553673
055157 0.5588623285 0.4317177832 0.5738513470 0.4462213814
055385 0.8816601634 0.4701128006 0.8888000250 0.4790348113
055540 0.3759765625 0.4448242188 0.3920898438 0.4633789062
055540 0.3950195312 0.4814453125 0.4018554688 0.4897460938
055574 0.4928955138 0.4404243231 0.5043131113 0.4525708854
055632 0.5506445169 0.4515390694 0.5603916645 0.4624120593
055869 0.7812500000 0.4557290077 0.7890000939 0.4642547369
055943 0.5332324505 0.4615419805 0.5409846306 0.4716176689
056226 0.3100585938 0.4824218750 0.3212890625 0.4985351562
056245 0.7859668136 0.4186455011 0.7998380065 0.4319624603
056247 0.1416972727 0.3676469624 0.1637178212 0.3963694870
000562 0.6717090011 0.4409653246 0.6831616163 0.4524163604
056334 0.2669272423 0.3808593750 0.2877604067 0.4010416567
056350 0.7382812500 0.4438476562 0.7480468750 0.4550781250
056360 0.3334960938 0.3715820312 0.3579101562 0.3969726562
056374 0.5361425877 0.4525063336 0.5448445082 0.4636254907
056455 0.0029296875 0.4326171875 0.0444335938 0.4809570312
056455 0.9687500000 0.4697265625 0.9868164062 0.4902343750
056587 0.9755859375 0.4077148438 0.9848632812 0.4208984375
056587 0.3003906310 0.1398437470 0.3296875060 0.2109375000
056649 0.5268554688 0.4335937500 0.5400390625 0.4458007812
056651 0.5102197528 0.4493603408 0.5194180012 0.4590905309
056737 0.5599755645 0.4561167061 0.5677238107 0.4642547369
056763 0.3266835809 0.4472036064 0.3348217905 0.4584418535
005682 0.9770458937 0.3408300877 1.0000000000 0.3746712506
056879 0.5830664039 0.1972275376 0.6539140344 0.2613740265
056922 0.7358056903 0.4418701231 0.7493425012 0.4592744708
056997 0.5987255573 0.4522412121 0.6068637967 0.4607670009
057018 0.5312988162 0.4568915963 0.5382719636 0.4658048451
057064 0.7416992188 0.4047851562 0.7568359375 0.4204101562
057098 0.5840039253 0.4007773399 0.6047919393 0.4244662523
057137 0.0907207057 0.3942319453 0.1059792489 0.4197556078
057153 0.8852539062 0.4311523438 0.9062500000 0.4526367188
057237 0.9069482684 0.4283339977 0.9190323353 0.4433206916
057437 0.5279247761 0.4597578049 0.5375961661 0.4703936875
057488 0.9585742354 0.3636411130 0.9829918742 0.3976922333
057496 0.2778320312 0.4047851562 0.2973632812 0.4262695312
057505 0.5677099824 0.4746093750 0.5839843750 0.4915364683
057698 0.6390625238 0.3910156190 0.6644531488 0.4179687500
005773 0.7390624881 0.3851562440 0.7624999881 0.4097656310
057771 0.0849609375 0.3569335938 0.1059570312 0.3916015625
005783 0.5306933522 0.4591010809 0.5390547514 0.4672716260
057995 0.5683593750 0.4267578125 0.5800781250 0.4389648438
058008 0.5998876691 0.4561167061 0.6088014841 0.4655592144
058029 0.5985839963 0.4913915992 0.6071454883 0.5001478791
058061 0.2623544931 0.3867495060 0.2720424235 0.4154266119
058184 0.7697607279 0.4289214015 0.8013557196 0.5284926891
058194 0.4018554688 0.4184570312 0.4169921875 0.4350585938
058223 0.7121191621 0.4500888586 0.7208191156 0.4607248008
058247 0.5526123047 0.4708427787 0.5603608489 0.4805307686
058303 0.6866455078 0.4633125067 0.6941362023 0.4716353118
058323 0.5574804544 0.4692026377 0.5652432442 0.4766400754
005836 0.7546582222 0.4399365187 0.7643293738 0.4510558546
058380 0.9567431808 0.4491220713 0.9751121402 0.4684599638
005841 0.7177734375 0.4707031250 0.7416992188 0.4946289062
058436 0.6373681426 0.2786459923 0.6907421947 0.3281250000
005869 0.7135693431 0.4069008827 0.7314744592 0.4283338487
058781 0.5916796923 0.4823315442 0.6184896231 0.5177559257
058894 0.9280566573 0.4067934453 0.9804413915 0.4646757841
058978 0.3430820405 0.4169663191 0.3585012257 0.4323858917
059005 0.1218286157 0.4360688329 0.1314975023 0.4510558546
059076 0.8101074100 0.4547119141 0.8187056184 0.4638669491
059301 0.5479589701 0.4429409206 0.5568731427 0.4530164897
059327 0.5322265625 0.4584960938 0.5429687500 0.4687500000
059327 0.5815429688 0.4931640625 0.5917968750 0.5043945312
005937 0.0175781250 0.2993164062 0.0473632812 0.3432617188
059384 0.6649609208 0.3077456057 0.7041530013 0.3533614278
059515 0.7050781250 0.4296875000 0.7172851562 0.4423828125
059662 0.7324218750 0.4348959923 0.7506510019 0.4537760317
005970 0.4953125119 0.3042968810 0.5382812619 0.3464843631
059798 0.4906054735 0.4603793919 0.4987444282 0.4692925215
059978 0.6948242188 0.5073242188 0.7070312500 0.5190429688
059982 0.4499848485 0.3565737307 0.4786441326 0.3867698610
060137 0.7223486304 0.4475913048 0.7339719534 0.4619295299
060251 0.8718603253 0.4319223762 0.8827942610 0.4460121691
060380 0.5763866901 0.4442294836 0.5862925053 0.4546675384
060484 0.4526367188 0.4560546875 0.4589843750 0.4628906250
060522 0.5956249833 0.4557290077 0.6041425467 0.4638671875
060529 0.7158203125 0.4599609375 0.7524414062 0.4985351562
060572 0.8706054688 0.4677734375 0.8823242188 0.4804687500
060598 0.8626318574 0.5032568574 0.8828141093 0.5214843750
060637 0.7407226562 0.4633789062 0.7963867188 0.5170898438
060737 0.0135633787 0.3631108403 0.0337146483 0.3941128850
060750 0.8571532965 0.4341352582 0.8682726026 0.4481551647
006075 0.6130029559 0.4688208103 0.6227355003 0.4785510302
061035 0.9316015840 0.4210820198 0.9436881542 0.4355855584
061102 0.0239353515 0.0641469732 0.1034006849 0.1646752954
061133 0.1073251963 0.4089961052 0.1189279333 0.4302676320
061176 0.9200000167 0.4447709918 0.9277343750 0.4539565444
061238 0.4663085938 0.4208984375 0.4775390625 0.4326171875
061275 0.1679687500 0.3808593750 0.1923828125 0.4042968750
061377 0.7266113162 0.4530166090 0.7347469926 0.4630921483
061383 0.0068359375 0.4013671875 0.0488281250 0.4648437500
061411 0.1145766601 0.3833735287 0.1314975023 0.4118966758
061448 0.9619140625 0.4287109375 0.9741210938 0.4458007812
061524 0.7314502001 0.4481840730 0.7405059934 0.4595017433
061558 0.5047168136 0.4157641530 0.5225916505 0.4326848686
061672 0.6295556426 0.3704428673 0.6484375000 0.3899742663
061770 0.5419433713 0.4500888586 0.5530631542 0.4616917074
061789 0.5685351491 0.4452543855 0.5801361203 0.4563737810
061956 0.9300585985 0.4743305743 1.0000000000 0.5805122256
061958 0.7436523438 0.3056640625 0.7875976562 0.3530273438
062036 0.7094726562 0.4609375000 0.7382812500 0.4926757812
062161 0.0841640607 0.3732783198 0.1053659692 0.4060443938
062167 0.6991406083 0.6648876667 0.7095867991 0.6753342748
062411 0.5729736090 0.4787749052 0.5824806690 0.4884973168
062430 0.0297851562 0.4536132812 0.0478515625 0.4770507812
062526 0.8804687262 0.4917968810 0.9003906250 0.5187500119
062596 0.5983837843 0.3810507953 0.6193462610 0.4040288031
062778 0.6932617426 0.4578242302 0.7208191752 0.4834468663
062790 0.4548725486 0.4214638770 0.4664371014 0.4375256896
062806 0.9239062667 0.1742495149 0.9832641482 0.2431831062
062983 0.5679492354 0.4246762693 0.5865799785 0.4413805604
063045 0.9204101562 0.4350585938 0.9584960938 0.4760742188
063045 0.1186523438 0.4594726562 0.1298828125 0.4755859375
063065 0.8431298733 0.4283339977 0.8557007909 0.4423538148
063264 0.7563476562 0.3364257812 0.7822265625 0.3647460938
063276 0.3242822289 0.4615673721 0.3334819376 0.4714744687
063436 0.6479492188 0.4497070312 0.6552734375 0.4580078125
006352 0.5394335985 0.4545664191 0.5464869738 0.4620886743
063542 0.7483154535 0.3510976434 0.7793128490 0.3840370476
063581 0.7504882812 0.4404296875 0.7607421875 0.4526367188
063702 0.8188476562 0.3208007812 0.8496093750 0.3593750000
063702 0.5292968750 0.4267578125 0.5410156250 0.4384765625
063771 0.5727539062 0.4082031250 0.5864257812 0.4213867188
063771 0.6767578125 0.4692382812 0.6899414062 0.4829101562
063786 0.6050781012 0.5698486567 0.6183971167 0.5839954615
063840 0.7309570312 0.4780273438 0.7402343750 0.4863281250
064086 0.9048681855 0.4336401224 0.9141706824 0.4456535280
064143 0.8867187500 0.4726562500 0.9042984843 0.4876302183
064208 0.6945263743 0.4389672875 0.7074016929 0.4515996575
064248 0.1297226548 0.5579980612 0.1391965747 0.5713607669
064352 0.6860888600 0.4780161083 0.6952450275 0.4871716201
064412 0.7865673900 0.4080292881 0.8020382524 0.4254331589
064499 0.2958408296 0.3427543938 0.3264782727 0.3781786263
064670 0.5743359327 0.4370361269 0.5859375000 0.4500889778
006474 0.8852539062 0.2880859375 0.9199218750 0.3300781250
064752 0.6507177949 0.3838569224 0.6758586168 0.4128635824
064774 0.7735400200 0.2197265625 0.8365029097 0.2839741111
065052 0.6528320312 0.4409179688 0.6621093750 0.4497070312
065096 0.5653759837 0.4291733503 0.5788702369 0.4452354014
065138 0.6666747928 0.4457377791 0.6758586168 0.4549234509
065142 0.5975635052 0.4537914991 0.6060874462 0.4627045989
065285 0.9668945074 0.4104462862 0.9809218049 0.4293007255
065708 0.2773437500 0.3489584923 0.2981770933 0.4010415077
065749 0.8300781250 0.4379028380 0.8397659659 0.4479786754
065768 0.2508330047 0.2743325233 0.2776403427 0.3298622966
065821 0.8056640625 0.3959960938 0.8300781250 0.4194335938
065901 0.0413374528 0.4616474509 0.0626997575 0.4860617816
066010 0.6479492188 0.4863281250 0.6567382812 0.4951171875
066117 0.1451298892 0.4518539906 0.1538318396 0.4650294781
006619 0.6050878763 0.3609453142 0.6318933368 0.3877528906
066205 0.8359375000 0.4316406250 0.8522167206 0.4485677183
000662 0.8160595894 0.4433208108 0.8266940117 0.4578241110
066329 0.7229492068 0.4263349473 0.7365515828 0.4413965344
066414 0.5685351491 0.4080292881 0.5907719731 0.4307510853
066415 0.8541650176 0.5201806426 0.8893228769 0.5579427481
066589 0.4811669886 0.6050195098 0.4963653684 0.6208609343
066663 0.6128417850 0.4003349543 0.6325426102 0.4205877483
006673 0.1852368116 0.3933379054 0.1980251968 0.4181392491
006688 0.7045508027 0.4751020372 0.7118955851 0.4833122194
067033 0.5402099490 0.4580541849 0.5483494997 0.4661923349
067316 0.5453125238 0.4734374881 0.5503906012 0.4796875119
006756 0.7793115377 0.4145537019 0.7961258888 0.4329857826
067638 0.5970361233 0.4139291942 0.6136807799 0.4327947199
067704 0.6606152058 0.3695620000 0.6912530661 0.3982844651
067709 0.0908881873 0.3925586045 0.1034576148 0.4128632247
067709 0.8208935261 0.4351020455 0.8300781250 0.4467048347
067753 0.8525390625 0.2519531250 0.8959960938 0.2988281250
067754 0.5925244093 0.4518539906 0.6026010513 0.4615424871
067997 0.6144531369 0.4605468810 0.6312500238 0.4773437381
068191 0.6909179688 0.4160156250 0.7060546875 0.4321289062
068191 0.4941406250 0.4521484375 0.4995117188 0.4575195312
068228 0.6990136504 0.3495063484 0.7279245853 0.3809878826
068231 0.7027441263 0.3504135609 0.7343388200 0.3810508847
068268 0.4322915077 0.3372397423 0.4648437500 0.3671875000
068353 0.5339843631 0.4429687560 0.5453125238 0.4550781250
068474 0.6154296994 0.3983603418 0.6357364058 0.4196317792
068493 0.8655029535 0.3973266482 0.8798636794 0.4164752066
068753 0.4106445312 0.4443359375 0.4394531250 0.4716796875
068775 0.1685048789 0.4001992047 0.1799938977 0.4174326062
068778 0.6037646532 0.4530166090 0.6134517789 0.4630921483
068855 0.7460937500 0.4521484375 0.7729492188 0.4814453125
068870 0.4382866323 0.4773876965 0.4476240575 0.4863359034
069203 0.3021543026 0.4713608325 0.3205251992 0.4911819398
069373 0.5714355707 0.4181816280 0.5883547068 0.4355855584
069425 0.6355419755 0.3022695184 0.6835937500 0.3499349058
069435 0.6201171875 0.4536132812 0.6367187500 0.4707031250
069444 0.6231640577 0.3654858470 0.6526531577 0.3978767097
069513 0.6577148438 0.4316406250 0.6699218750 0.4433593750
069658 0.8382177949 0.4402280152 0.8475216031 0.4518539011
069666 0.6210937500 0.4516601562 0.6293945312 0.4599609375
006998 0.2656250000 0.4785156250 0.2773437500 0.4967447817
070050 0.3036044836 0.4346186519 0.3156907856 0.4476717412
070489 0.5936718583 0.4254330993 0.6081760526 0.4409034550
070707 0.1369101554 0.1110600606 0.1838235408 0.1905253977
070815 0.6068652272 0.3987627029 0.6293402910 0.4204642177
070873 0.4444907308 0.4751054645 0.4584418535 0.4867311418
071001 0.8557031155 0.4326850474 0.8663366437 0.4467048347
071022 0.7016894817 0.4268085957 0.7151082754 0.4410097599
007103 0.8560742140 0.4880380929 0.8670037985 0.4984841347
071208 0.5709521770 0.4438042045 0.5811030269 0.4558903277
071249 0.5157324076 0.5371044874 0.5237472057 0.5453652143
071290 0.7182861567 0.4311010838 0.7317793965 0.4478054345
071412 0.6669287086 0.4472036064 0.6773933768 0.4592168927
071597 0.5852929950 0.2884711921 0.6379750967 0.3372990787
071626 0.8118896484 0.1531860381 0.8731616139 0.2184414119
071783 0.2602539062 0.3989257812 0.2783203125 0.4169921875
072078 0.5650097728 0.4545664191 0.5746992826 0.4658048451
072108 0.6018261909 0.4568915963 0.6107391119 0.4685173333
007219 0.7071972489 0.4481840730 0.7165769935 0.4595017433
072200 0.0493164062 0.3637695312 0.0678710938 0.3930664062
072383 0.5971679688 0.3447265625 0.6279296875 0.3745117188
072633 0.2882812619 0.4742187560 0.3003906310 0.4898437560
072722 0.0453403816 0.4146513641 0.0550285168 0.4313150942
072771 0.5769433379 0.4124692380 0.5962170959 0.4330283701
072809 0.8324950933 0.4215654433 0.8450649977 0.4380027950
072835 0.8331298828 0.4300205112 0.8467223048 0.4466663599
007286 0.5441747904 0.4253183603 0.5595960021 0.4452351928
072880 0.8610205054 0.4312343895 0.8735883236 0.4447710514
072883 0.5275341868 0.3915825188 0.5505132079 0.4164752066
072895 0.4223632812 0.4555664062 0.4331054688 0.4663085938
072960 0.8034863472 0.4384863377 0.8141243458 0.4510558546
073069 0.5941552520 0.3920751810 0.6154277325 0.4157642126
073224 0.0537109375 0.4501953125 0.0810546875 0.4790039062
073700 0.9544726610 0.4491411150 0.9649367929 0.4611544907
073792 0.7354736328 0.4730224609 0.7435213923 0.4827326238
073802 0.5814404488 0.4388105571 0.5968595743 0.4523026943
073838 0.5332031250 0.2275390625 0.5874023438 0.2763671875
074070 0.8837402463 0.4017441273 0.9045273066 0.4259158075
074240 0.7839648724 0.4251147509 0.7959759235 0.4386780858
007433 0.5185546875 0.2065429688 0.5996093750 0.2753906250
074380 0.0101523930 0.4510556757 0.0183709953 0.4621751606
074380 0.5617675781 0.4481552839 0.5724009871 0.4587910175
074380 0.9659277201 0.3964262605 0.9809135199 0.4181814492
007443 0.6161621213 0.4537914991 0.6284807920 0.4665261209
074535 0.8194433451 0.4399365187 0.8305615783 0.4529893100
074599 0.5034179688 0.4658203125 0.5190429688 0.4809570312
074622 0.2852006853 0.6597363353 0.2938012183 0.6702769995
074638 0.3354492188 0.3383789062 0.3720703125 0.3793945312
074638 0.4838867188 0.4707031250 0.4931640625 0.4819335938
074716 0.5375927687 0.4128637612 0.5554782748 0.4307510853
074722 0.1645507812 0.4868164062 0.1865234375 0.5107421875
074791 0.5698242188 0.4150390625 0.6015625000 0.4731445312
074818 0.6870800853 0.4541791975 0.6948319674 0.4642547369
074908 0.4780014753 0.4201787114 0.4940635264 0.4362403750
075022 0.5661181808 0.3156909049 0.6038250327 0.3533996046
075494 0.5687988400 0.4530346692 0.5749453306 0.4604719579
075514 0.3837890625 0.4682617188 0.3940429688 0.4794921875
075703 0.6000732183 0.4407382905 0.6142063737 0.4555149972
076040 0.8525635004 0.4317436516 0.8622044921 0.4478053153
076075 0.5444335938 0.4570312500 0.5527343750 0.4658203125
076329 0.1777343750 0.4511718750 0.2109375000 0.5039062500
076521 0.0609140620 0.4017441273 0.0730004907 0.4205986857
076521 0.7812500000 0.4293007851 0.7918858528 0.4462213814
076649 0.9291992188 0.2958984375 0.9702148438 0.3413085938
076675 0.8784179688 0.4765625000 0.8872070312 0.4877929688
076697 0.5556640625 0.4306640625 0.5737304688 0.4487304688
076874 0.7995556593 0.3132211864 0.8336829543 0.3523394465
076900 0.8605371118 0.4873144627 0.8755275607 0.5047184825
077303 0.5512695312 0.4458007812 0.5615234375 0.4555664062
077520 0.6884570122 0.4606577158 0.6950705051 0.4676607847
077600 0.8466796875 0.3876953125 0.8774414062 0.4233398438
077795 0.8525488377 0.6045166254 0.8624861836 0.6153207421
077800 0.5603613257 0.3693110347 0.5808996558 0.3917878866
077868 0.9804687500 0.3802084923 1.0000000000 0.4173177183
077988 0.1964751035 0.4165893495 0.2050006390 0.4313150942
077988 0.7711767554 0.4367402196 0.7812500000 0.4483662248
078061 0.7329101562 0.4946289062 0.7421875000 0.5043945312
078431 0.7133789062 0.4287109375 0.7241210938 0.4409179688
078441 0.6013574004 0.3906250000 0.6212736368 0.4111842215
078501 0.6349267364 0.4543481469 0.6588146091 0.4802605510
078507 0.6892089844 0.4789912105 0.6993632317 0.4882812500
078589 0.7915039062 0.4501953125 0.8134765625 0.4721679688
078591 0.6494140625 0.3906250000 0.6743164062 0.4145507812
078624 0.7420605421 0.4253188372 0.7532293200 0.4380659759
078678 0.5712109208 0.4386782348 0.5836123824 0.4522414505
078754 0.7946532965 0.3025429547 0.8358225822 0.3494561911
078961 0.0000000000 0.4767910242 0.0421262421 0.5830644369
078990 0.9736328125 0.4199218750 0.9995117188 0.4536132812
079029 0.5937060714 0.4766288996 0.6059126258 0.4891135395
079126 0.5414599776 0.4529897571 0.5506458879 0.4645923376
079416 0.8266943097 0.4317177832 0.8387801647 0.4471882880
079559 0.4921875000 0.4653320312 0.5068359375 0.4794921875
080117 0.5068359375 0.4755859375 0.5126953125 0.4833984375
008012 0.0135633787 0.4305400252 0.0227220207 0.4452660084
080235 0.9219921827 0.1081879884 0.9966679811 0.2000996023
080246 0.5912451148 0.4530756772 0.5999136567 0.4610365629
080265 0.3637695312 0.4477539062 0.3745117188 0.4614257812
080394 0.6326220632 0.3857622147 0.6571354866 0.4106624424
080416 0.7688037157 0.4530707896 0.7785318494 0.4622139037
080471 0.9570312500 0.4589843750 0.9677734375 0.4843750000
080568 0.0086167483 0.1187192351 0.0756357908 0.2096738219
080675 0.5409765840 0.4469438493 0.5477452278 0.4558220804
080765 0.5324609280 0.4510791004 0.5413131118 0.4627045989
080841 0.0052083498 0.3496093750 0.0332031250 0.3847656250
080910 0.5382714868 0.4646420777 0.5467975140 0.4735553265
080925 0.3666992188 0.4868164062 0.3793945312 0.5000000000
081000 0.8466796875 0.4218750000 0.8564453125 0.4335937500
008100 0.8948584199 0.4273671806 0.9059792757 0.4438041449
081047 0.5348437428 0.4074399471 0.5545688868 0.4261952639
081412 0.6962890625 0.4926757812 0.7167968750 0.5131835938
081595 0.8704443574 0.3496093750 0.8977864981 0.3795572817
081674 0.5527343750 0.3657226562 0.5751953125 0.3872070312
081751 0.0469006822 0.3957646489 0.0616776384 0.4156815410
081888 0.1948291063 0.4007773399 0.2073986828 0.4215655625
082094 0.3378906250 0.3847656250 0.3639322817 0.4114583433
082216 0.8033398390 0.4575615227 0.8103143573 0.4696801305
082324 0.4971923828 0.4661923945 0.5047728419 0.4735555053
082401 0.6113281250 0.4028320312 0.6450195312 0.4379882812
082500 0.7688037157 0.3925400376 0.7936964035 0.4181814492
082508 0.4531250000 0.4550781250 0.4589843750 0.4628906250
082532 0.5363281369 0.4382812381 0.5472656488 0.4488281310
082672 0.6980956793 0.4283339977 0.7232363820 0.4568573833
082793 0.2736308575 0.3795058727 0.2828163505 0.4075456560
083050 0.7749023438 0.3945312500 0.8115234375 0.4306640625
083172 0.7094628811 0.4394531250 0.7204595804 0.4514177740
083195 0.1438305676 0.4491835833 0.1480765939 0.4582059681
083195 0.5381689668 0.4543139637 0.5445397496 0.4620980322
008320 0.2871093750 0.3505859375 0.3100585938 0.3740234375
083301 0.5026416183 0.3753061593 0.5323185921 0.4049862325
083422 0.2295893580 0.4016196430 0.2493144572 0.4236082435
083422 0.5797949433 0.4346025288 0.5930514932 0.4481839836
083503 0.5309668183 0.4527109265 0.5396962762 0.4620886743
008355 0.7592285275 0.4169663191 0.7735906839 0.4343133271
083572 0.8135888577 0.4659692347 0.8200538158 0.4727597237
083589 0.9063720703 0.4674736261 0.9252374768 0.4860615730
083599 0.5825536847 0.4307509661 0.5931891799 0.4442875981
083632 0.5511279106 0.4317177832 0.5670830607 0.4481551647
008371 0.6852588058 0.4658090770 0.6919167638 0.4735773504
083777 0.1372070312 0.4150390625 0.1806640625 0.4667968750
083786 0.6928710938 0.3525390625 0.7177734375 0.3759765625
083796 0.5371093750 0.4015625119 0.5558593869 0.4210937619
083816 0.5859375000 0.4555664062 0.6044921875 0.4741210938
083879 0.4045756757 0.4557290077 0.4165891707 0.4669673741
083895 0.5638476610 0.4479785264 0.5739242435 0.4588293433
083899 0.3540039062 0.3585014641 0.3617136180 0.3925524354
083944 0.5390478373 0.4669672847 0.5479600430 0.4774305522
084126 0.7356347442 0.3790605366 0.7632607222 0.4041169882
084164 0.6478173733 0.3519492149 0.6821433902 0.3857905269
084282 0.1352460980 0.3204829097 0.1581103057 0.3611732423
084327 0.5475732684 0.4561167061 0.5557105541 0.4658048451
084374 0.5274072289 0.4675859511 0.5341990590 0.4753466249
084701 0.1516928673 0.3535156250 0.1764322817 0.3815104067
084820 0.0722656250 0.4389648438 0.1201171875 0.5185546875
084932 0.1609375030 0.3808593750 0.2046875060 0.4425781369
085076 0.6183593869 0.4121093750 0.6347131729 0.4300781190
085211 0.2943559587 0.5962011814 0.3162731826 0.6189519763
085429 0.5235009789 0.4448539913 0.5330079794 0.4547927380
008557 0.7072802782 0.4844135642 0.7179184556 0.4950495064
085636 0.5249023438 0.3793945312 0.5502929688 0.4033203125
085758 0.5760009885 0.4859047830 0.5922030807 0.5016767979
085822 0.8238281012 0.4406250119 0.8304687738 0.4488281310
085862 0.7198095918 0.4291049838 0.7340387106 0.4433332384
086072 0.8959960938 0.4829101562 0.9150390625 0.5039062500
086184 0.0766601562 0.4584960938 0.0917968750 0.4755859375
086245 0.7226562500 0.3486328125 0.7504882812 0.3779296875
008629 0.0140199708 0.4128637612 0.0280398931 0.4326848686
086358 0.5909326077 0.4153164029 0.6089643836 0.4333495200
086532 0.6884277463 0.4423539937 0.7009973526 0.4554068744
086596 0.8305615187 0.4293007851 0.8416808844 0.4462213814
008661 0.5727636814 0.4317026436 0.5859379768 0.4460411966
008661 0.6848877072 0.4342792928 0.6974979639 0.4494772851
086719 0.6985790730 0.4316850603 0.7113392353 0.4455564916
086842 0.0333578140 0.4848969579 0.0459274426 0.5013342500
087067 0.9316112995 0.4894482493 0.9459480643 0.5022343993
087220 0.6514697075 0.4253188372 0.6649619341 0.4407380819
087231 0.6110790968 0.4027109444 0.6289642453 0.4225324690
087262 0.7485156059 0.4705253839 0.7604443431 0.4835644960
087275 0.5888671875 0.4121093750 0.6079101562 0.4340820312
087338 0.5887109637 0.4663642645 0.5946828127 0.4732198119
087531 0.6334814429 0.3360146582 0.6617496014 0.3642835021
087685 0.6773095727 0.4428374171 0.6840772033 0.4539565444
087851 0.2467104495 0.4278886616 0.2586920261 0.4378362894
087862 0.7071777582 0.4555444419 0.7143887877 0.4641446173
087927 0.5527343750 0.3100585938 0.5859375000 0.3417968750
087963 0.7099364996 0.4330283105 0.7253546119 0.4503751993
087970 0.6753759980 0.4409033060 0.6842362285 0.4510176778
087974 0.5691211224 0.4818139672 0.5872309804 0.4986289442
088015 0.6459423900 0.4513564408 0.6554143429 0.4610735476
088023 0.1710600555 0.4452739358 0.1804376990 0.4569148421
088211 0.7565576434 0.4086582065 0.7743123770 0.4278010130
088601 0.3491210938 0.4257812500 0.3662109375 0.4418945312
088619 0.6300146580 0.4576020539 0.6401681900 0.4673240185
088619 0.5520166159 0.4567373097 0.5621715784 0.4673238397
088663 0.0792246088 0.4349257946 0.0860150903 0.4462437928
088663 0.5545703173 0.4371894598 0.5636252761 0.4475372434
088663 0.8572412133 0.4093803763 0.8675884604 0.4265184999
088732 0.6787109375 0.3823242188 0.6997070312 0.4052734375
088735 0.7988281250 0.4794921875 0.8061523438 0.4868164062
088914 0.2185639590 0.4813056588 0.2282520980 0.4960317314
088999 0.4106445312 0.3115234375 0.4531250000 0.3530273438
088999 0.4106445312 0.4331054688 0.4165039062 0.4433593750
089064 0.6765283346 0.4471625984 0.6951583028 0.4651521444
089092 0.8097754121 0.4360688329 0.8194422722 0.4481549263
089137 0.8237304688 0.3681640625 0.8378906250 0.3881835938
089213 0.5317919850 0.4022275507 0.5554803610 0.4268831611
089239 0.0968813449 0.4832890630 0.1122229993 0.5005224347
089453 0.8139648438 0.3671875000 0.8393554688 0.3969726562
089453 0.5888671875 0.4384765625 0.5991210938 0.4492187500
089485 0.8041992188 0.5024414062 0.8159179688 0.5156250000
089739 0.5665185452 0.4763515592 0.5759499669 0.4857843816
089759 0.7471972704 0.4118266702 0.7639032006 0.4362407625
089780 0.5570263863 0.4413803816 0.5743729472 0.4612972736
089987 0.7276366949 0.4289214015 0.7448731661 0.4451972246
089995 0.2403110415 0.0248927735 0.2939262688 0.1196769550
090192 0.6870117188 0.3706054688 0.7226562500 0.4082031250
090198 0.6680420041 0.4472314417 0.6764664054 0.4560894966
090209 0.7464404106 0.4423539937 0.7546544671 0.4534730911
090326 0.2136835903 0.4438042045 0.2223854959 0.4539565444
090375 0.4805205166 0.5979003906 0.4995990098 0.6185951829
090424 0.2900390625 0.1831054688 0.3583984375 0.2441406250
090426 0.5718017817 0.3989770412 0.5923622847 0.4233912528
090723 0.8442382812 0.4785156250 0.8579101562 0.4941406250
090723 0.2285156250 0.4800781310 0.2371093780 0.4878906310
090872 0.9291845560 0.4109296799 0.9432047009 0.4302676320
090960 0.2807617188 0.4667968750 0.3017578125 0.4882812500
090985 0.8671875000 0.4218750000 0.8808593750 0.4375000000
091027 0.5235449076 0.3231953084 0.5483458042 0.3460596800
091045 0.5293603539 0.4251147509 0.5444723368 0.4417788982
091061 0.6752929688 0.4418945312 0.6840820312 0.4506835938
091207 0.1884765625 0.4453125000 0.1962890625 0.4545898438
091399 0.5424267650 0.4578242302 0.5496789813 0.4650757909
091559 0.7097851634 0.4255483449 0.7246621847 0.4413932264
091569 0.7114941478 0.4301523566 0.7235087752 0.4413907230
091683 0.1107094735 0.4085126817 0.1237623543 0.4264000356
091683 0.8160595894 0.4317177832 0.8257350326 0.4457376599
091731 0.7459570169 0.4505722523 0.7536935806 0.4587910175
091809 0.7253124714 0.4213447273 0.7392147183 0.4375130236
091814 0.9438476562 0.1157226562 0.9985351562 0.1909179688
091814 0.2812500000 0.4760742188 0.2905273438 0.4853515625
091961 0.7463720441 0.4398408234 0.7537357211 0.4495287538
091987 0.1213452145 0.4747451246 0.1450340301 0.5027848482
092054 0.6893945336 0.4293007851 0.7048654556 0.4442875981
092152 0.5265625119 0.4519531131 0.5355468988 0.4613281190
092260 0.9658886790 0.3531147540 0.9920840263 0.3851280212
092382 0.6503027081 0.4463891685 0.6586256623 0.4563765228
092419 0.2248662114 0.4304584861 0.2370733917 0.4452354014
092478 0.0058013671 0.4070620239 0.0212716796 0.4288172722
092478 0.8392627239 0.4399365187 0.8484491110 0.4520227611
092523 0.4972753823 0.4137538970 0.5146227479 0.4323858917
092572 0.6274414062 0.4038085938 0.6440429688 0.4208984375
092673 0.6183984280 0.5695703030 0.6336541176 0.5851069689
092730 0.6076904535 0.3379296958 0.6449180245 0.3751550317
092737 0.8782617450 0.5371093750 0.9039627910 0.5679482222
093043 0.7880859375 0.4790039062 0.8154296875 0.5078125000
093059 0.6069335938 0.4936523438 0.6189552546 0.5053710938
093194 0.5435253978 0.4423291087 0.5531601906 0.4532513320
093260 0.9425097704 0.3700659275 0.9611431360 0.3957649469
093265 0.7933349609 0.4133471549 0.8059057593 0.4275235236
093332 0.6039257646 0.4176088870 0.6193462610 0.4343133271
093504 0.5254589915 0.4685834944 0.5318381190 0.4752419293
093752 0.6713036895 0.4530346692 0.6771264672 0.4607952237
093752 0.8869922161 0.4472138584 0.8928109407 0.4565914571
093823 0.5528808832 0.4513359368 0.5608740449 0.4601942301
093873 0.5830371380 0.4167309701 0.6023747325 0.4365524352
009389 0.5539257526 0.4604716897 0.5629785657 0.4704961777
093981 0.6640625000 0.2910156250 0.7063802481 0.3320312500
009401 0.2485351562 0.4355468750 0.2607421875 0.4487304688
094058 0.8400390744 0.4712768495 0.8524268270 0.4831800163
094206 0.5247070193 0.4580541849 0.5336216092 0.4689050317
094240 0.3840371072 0.4913818240 0.3933376968 0.5014570951
094287 0.9287011623 0.3964262605 0.9441716075 0.4201152325
094307 0.9333202839 0.4586440325 0.9403665066 0.4676325321
094604 0.6472656131 0.3992187381 0.6683593988 0.4203124940
094665 0.0664062500 0.4342446327 0.0865885243 0.4537760317
094688 0.1809897423 0.3437500000 0.1985677183 0.3756510317
094688 0.9733056426 0.3971352577 0.9928385019 0.4173177183
094825 0.6933593750 0.4264321327 0.7050781250 0.4375001490
094893 0.6499023438 0.3862304688 0.6787109375 0.4160156250
095018 0.5474560261 0.4430102408 0.5571579933 0.4546512663
095041 0.6509668231 0.4442065358 0.6588903666 0.4543611407
095056 0.5531445146 0.4567006826 0.5609161258 0.4654462039
095393 0.6734374762 0.4439902306 0.6851060987 0.4556571245
095393 0.5850732327 0.4433422983 0.5965229273 0.4547931552
095482 0.7114257812 0.4306640625 0.7407226562 0.4594726562
095482 0.1835937500 0.4492187500 0.2114257812 0.4775390625
095500 0.5704345703 0.4534038007 0.5793495774 0.4645923376
095578 0.7355224490 0.4429409206 0.7464418411 0.4544399977
095714 0.5825536847 0.4326850474 0.5965733528 0.4462213814
009574 0.6028417945 0.2937436402 0.6378658414 0.3324962854
095808 0.6431298852 0.4612412155 0.6491611600 0.4678551257
096069 0.7851172090 0.4423539937 0.7967175245 0.4554068744
096153 0.7388476729 0.3456513584 0.7709690928 0.3803459406
096188 0.9697949290 0.4176982343 0.9847810864 0.4360689819
009624 0.7113281488 0.4250000119 0.7253906131 0.4398437440
096437 0.9001758099 0.4616918862 0.9146813154 0.4776453972
096501 0.2707739174 0.5307275653 0.2785420418 0.5396062732
009662 0.7206249833 0.3956626058 0.7409287095 0.4170187116
096661 0.5669482350 0.4456533194 0.5781869888 0.4576667845
096688 0.0546411127 0.4371279180 0.0627790019 0.4479786754
096688 0.6897948980 0.4565044045 0.6987072229 0.4665798843
096754 0.5957031250 0.4960937500 0.6035156250 0.5043945312
096802 0.3351386786 0.3836894631 0.3473457098 0.4100454450
097426 0.7812500000 0.4615419805 0.7886129618 0.4700667858
097536 0.2692797780 0.3577504754 0.2823328972 0.3867574334
097552 0.5668603778 0.4806279242 0.5744866729 0.4883888066
097811 0.6551367044 0.4769633710 0.6599881053 0.4818139374
097848 0.6518554688 0.4477539062 0.6591796875 0.4555664062
098115 0.1101025417 0.3121171892 0.1359528750 0.3532859981
098180 0.0853681639 0.3382397592 0.1089739278 0.3741334081
009823 0.6855322123 0.4475913048 0.6928943396 0.4576667845
098340 0.6161767840 0.3970498145 0.6347739697 0.4139293432
098439 0.5122070312 0.4042968750 0.5322265625 0.4243164062
098598 0.7191064358 0.4081030190 0.7357528210 0.4261363745
098598 0.5762255788 0.4011670053 0.5942627192 0.4208649993
098619 0.5591308475 0.4298159182 0.5744485259 0.4439501464
098677 0.9150390625 0.4047851562 0.9667968750 0.4667968750
098753 0.5560547113 0.4462548792 0.5667463541 0.4574296474
098785 0.5962158442 0.3739204109 0.6251285076 0.4047594666
098790 0.7427002192 0.4246762693 0.7549085021 0.4381681681
009952 0.5293603539 0.4386782348 0.5394344926 0.4514664114
009952 0.5390478373 0.4754931629 0.5491226315 0.4851810634
009967 0.6269531250 0.2910156250 0.6783852577 0.3417968750
