011151 0.5332031250 0.4791665077 0.5572916269 0.5104166269
011307 0.6582031250 0.4817709923 0.6770833731 0.5019531250
012186 0.2312910110 0.5037011504 0.2390008271 0.5120528340
012467 0.4219526350 0.4841762781 0.4305949211 0.4928185940
012467 0.4770464003 0.4770468771 0.4856884181 0.4856888056
012467 0.5286816359 0.4874169827 0.5373253822 0.4962752461
012467 0.5779443383 0.4867690504 0.5855041742 0.4964913130
012467 0.6297948956 0.4781269431 0.6393027306 0.4865530729
012467 0.6801367402 0.4876332879 0.6868345737 0.4971394539
012467 0.7255077958 0.4798549712 0.7341515422 0.4882812500
014157 0.3080825210 0.4642544091 0.3301712871 0.4886685908
014157 0.4452661276 0.4503037035 0.4658048451 0.4704551399
014157 0.5634618998 0.4739428759 0.5839998722 0.4948692024
014157 0.6739062667 0.4731674790 0.6921179891 0.4933188856
014157 0.7824121118 0.4561167061 0.8006225228 0.4747179747
014157 0.8734814525 0.4789804816 0.8897587657 0.4968066514
014157 0.9523095489 0.4637055695 0.9665388465 0.4792270362
014356 0.1023144498 0.4975976646 0.1142787114 0.5108544230
014484 0.8443993926 0.3496093750 0.9342446327 0.4570312500
015159 0.1959550828 0.4844262600 0.2043069750 0.4940635264
015392 0.6998681426 0.4928369224 0.7167968750 0.5104166269
001556 0.8925781250 0.5136718750 0.9088541269 0.5345052481
015773 0.0052083498 0.4785156250 0.0182291511 0.4960937500
015773 0.0807290003 0.4811196327 0.0937500000 0.4993489683
015773 0.1770834923 0.4759116173 0.1940104067 0.4954430163
015773 0.2955727577 0.4707031250 0.3170571327 0.4928385317
015773 0.4414062500 0.4654946327 0.4622395933 0.4895833433
015773 0.5937500000 0.4140625000 0.6165364981 0.4361979067
017721 0.9375000000 0.4485678673 0.9635416269 0.4759114683
017879 0.7233056426 0.4973974526 0.7343750000 0.5078125000
018503 0.1832993180 0.4892382920 0.1957004368 0.5026383400
018656 0.8346337676 0.4661459923 0.8587239981 0.4921875000
019082 0.3735351562 0.4677734375 0.3925781250 0.4970703125
019325 0.2265625000 0.1979165077 0.2786459923 0.2460937500
019325 0.8001318574 0.1901040077 0.8548178673 0.2376297414
019325 0.9628906250 0.2597656250 1.0000000000 0.3483071327
019552 0.7572265863 0.4871186614 0.7797021270 0.5107576847
022194 0.5332031250 0.4453125000 0.5566406250 0.4713541567
022409 0.2939262688 0.4978564382 0.3178615272 0.5265778303
022693 0.3718286157 0.4822314382 0.3880325556 0.5008121729
022693 0.4152553678 0.4889306724 0.4297309518 0.5034062862
022693 0.4018598497 0.4703491330 0.4076932669 0.4843925238
022693 0.4347001910 0.4781269431 0.4398851991 0.4897936583
022693 0.2991694212 0.4475913048 0.3107950687 0.4700679183
022693 0.3344340920 0.4568921030 0.3464471698 0.4890564382
023791 0.3229165077 0.4680991173 0.3359375000 0.4798177183
023836 0.1708984375 0.4702920020 0.1977297366 0.5037006140
023840 0.0101523930 0.4713608325 0.0212716796 0.4873143435
024205 0.9509375095 0.4249497056 0.9915491939 0.4853803813
025333 0.6308887005 0.4999072254 0.6378658414 0.5123077631
002604 0.2148437500 0.4437499940 0.2273437530 0.4605468810
027663 0.2503408194 0.4670795798 0.2573161125 0.4914936125
027903 0.6556494236 0.4863437414 0.6824553013 0.5131513476
028154 0.8287743926 0.3854165077 0.8515625000 0.4127602577
028197 0.1315102577 0.4615883827 0.1503906250 0.4817708433
000295 0.8856103420 0.4451977611 0.9181602597 0.4777497053
029618 0.5618506074 0.4322915077 0.5807291269 0.4479166567
029618 0.4537758827 0.4694008827 0.4707031250 0.4876302183
029618 0.3457031250 0.4720053673 0.3632812500 0.4889324307
029618 0.2532553673 0.4765625000 0.2669270933 0.4902343750
029618 0.1712241173 0.4785156250 0.1829427183 0.4928385317
029618 0.1035156250 0.4811196327 0.1126302257 0.4921875000
029908 0.0273437500 0.3743491173 0.0462239757 0.4016927183
029959 0.2026367188 0.4633789062 0.2407226562 0.5068359375
031007 0.2421875000 0.4824218750 0.2584635317 0.5234375000
031493 0.7515673637 0.4694638550 0.7606491446 0.4787101448
031493 0.8034716845 0.4824413955 0.8128817677 0.4924989641
031493 0.8493798971 0.4834145606 0.8595999479 0.4929857552
031493 0.8969140649 0.4762773514 0.9042136073 0.4839014113
031493 0.9366552830 0.4864970744 0.9449307323 0.4960677624
031493 0.9749414325 0.4801703990 0.9819157720 0.4871459603
031990 0.0945312530 0.4515624940 0.1049429700 0.4623243511
032773 0.5598974824 0.5410156250 0.5813834667 0.5618489981
032960 0.0246093757 0.4917968810 0.0472656265 0.5199218988
032990 0.9882812500 0.5188818574 0.9986978769 0.5332031250
003465 0.0748696253 0.4869790077 0.0924478993 0.5058593750
035551 0.2431831062 0.4815796018 0.2585018575 0.4978553653
036342 0.0810546875 0.4946289062 0.0888671875 0.5043945312
036362 0.0909545869 0.4643456936 0.1158471182 0.4949831665
036393 0.6507129073 0.4795263708 0.6581073999 0.4873085022
036393 0.6888476610 0.4742749035 0.6964340210 0.4814727604
036393 0.7316455245 0.4841962755 0.7396203876 0.4919774830
036393 0.7707470655 0.4845849574 0.7769702673 0.4923664629
036393 0.8096533418 0.4785541892 0.8166567683 0.4851687849
036393 0.8794921637 0.4810834825 0.8861047626 0.4871140718
038177 0.5976562500 0.4487304688 0.6201171875 0.4726562500
038273 0.5680517554 0.5081005692 0.5777224898 0.5192218423
039785 0.5813818574 0.4707031250 0.6002603769 0.4960937500
039839 0.8860693574 0.4654946327 0.9023437500 0.4817708433
040799 0.7050781250 0.4967431724 0.7161458731 0.5130208731
040799 0.7955712676 0.4752602577 0.8059896231 0.4876302183
004134 0.0449218750 0.5143212676 0.0722656250 0.5553385019
041560 0.8424462676 0.5000000000 0.8574218750 0.5227864981
041560 0.9615868926 0.4648437500 0.9752603769 0.4817708433
042223 0.0737207010 0.4921093881 0.0938266143 0.5122166276
042791 0.5859375000 0.4930664003 0.6165747643 0.5246629715
042877 0.1855468750 0.4674477577 0.1920572817 0.4778645933
043196 0.4345703125 0.4863281250 0.4545898438 0.5146484375
043196 0.9042968750 0.4951171875 0.9179687500 0.5209960938
044448 0.5576708913 0.4672119021 0.5743729472 0.4896986187
045939 0.7070312500 0.5029296875 0.7250976562 0.5229492188
046211 0.4296875000 0.4550781250 0.4492187500 0.4746093750
046874 0.8238281012 0.4121093750 0.8781250119 0.4683593810
046917 0.2154946327 0.4641928673 0.2747397423 0.5279946327
047579 0.9008935690 0.4710478485 0.9172019362 0.4850476086
048135 0.1416972727 0.4633823335 0.1541437060 0.4782569408
048932 0.3307915032 0.4868212938 0.3537692428 0.5165014863
049166 0.6139306426 0.4440102577 0.6250000000 0.4570312500
049537 0.2968750000 0.4303383827 0.3417968750 0.4772135317
051115 0.6236962676 0.4511718750 0.6419271231 0.4746093750
051142 0.9095068574 0.5351562500 0.9238313437 0.5520833731
051178 0.2407563478 0.3084389567 0.3147236407 0.5172880888
051178 0.3906250000 0.4225327075 0.4549233317 0.5008505583
051178 0.4583076239 0.4665258825 0.4892481863 0.4984324276
051178 0.4757114351 0.4471884668 0.4873143435 0.4665261209
051258 0.2949218750 0.4882812500 0.3079427183 0.5019531250
051875 0.4271381795 0.4863369167 0.4353480935 0.4941146970
051875 0.4748857319 0.4794228375 0.4828799367 0.4878491163
051875 0.5206884742 0.4882812500 0.5282499790 0.4973555207
051875 0.5638964772 0.4878491163 0.5708113313 0.4967073202
051875 0.6094872952 0.4807192385 0.6181294918 0.4889293909
051875 0.6539941430 0.4882802665 0.6600438952 0.4980039001
051875 0.6950390339 0.4822319448 0.7028188109 0.4889299273
005202 0.1113281250 0.4589843750 0.1282552183 0.4798177183
053214 0.7252587676 0.4694008827 0.7350260019 0.4798177183
005424 0.8554687500 0.4485678673 0.8710937500 0.4628906250
005468 0.6686181426 0.4420571327 0.7037760019 0.4772135317
005470 0.7063818574 0.4537758827 0.7233072519 0.4707031250
054844 0.3148857355 0.4824990332 0.3238073289 0.4972759187
005536 0.2528427839 0.5008496046 0.2649288476 0.5139039159
005536 0.6130126715 0.4950488210 0.6221960187 0.5071356893
055514 0.8793945312 0.5053710938 0.8925781250 0.5205078125
005640 0.9248632789 0.4871186614 0.9459252357 0.5112578869
056477 0.6669921875 0.5424804688 0.6884765625 0.5659179688
056477 0.3764648438 0.4448242188 0.4018554688 0.4697265625
059013 0.7229883075 0.4893896580 0.7438054085 0.5101984143
059164 0.3704428673 0.4804687500 0.3938802183 0.5019531250
059676 0.8153027296 0.4876386821 0.8313630819 0.5024157166
060406 0.8867187500 0.4902343750 0.9023437500 0.5084635019
061592 0.8613281250 0.4557290077 0.8789062500 0.4759114683
062157 0.7305420041 0.0563403331 0.8620043993 0.2610424757
062981 0.6119775176 0.4889306724 0.6210937500 0.5071614981
063917 0.4641928673 0.4570312500 0.4804687500 0.4720052183
065059 0.2975258827 0.4707031250 0.3092447817 0.4863279760
066482 0.5042334199 0.4848969579 0.5153476596 0.4974665940
006652 0.9225927591 0.4625820220 0.9386564493 0.4792865813
067987 0.1263022423 0.4934912026 0.1458333433 0.5136718750
068573 0.9018554688 0.4633789062 0.9321289062 0.4985351562
006892 0.8431006074 0.4856772423 0.8789062500 0.5221353769
069413 0.3523017466 0.4717460871 0.3696154654 0.4900318980
069413 0.4536542892 0.4608520567 0.4692170918 0.4758311510
069413 0.5435253978 0.4791381955 0.5587003231 0.4948955178
069413 0.6287353635 0.4789438546 0.6421579123 0.4952845573
069413 0.7146386504 0.4649990201 0.7285414934 0.4785803258
069413 0.7915966511 0.4827841818 0.8032388091 0.4970121086
069413 0.8591796756 0.4695258737 0.8724389672 0.4821372926
070814 0.8352197409 0.4715766609 0.8474249244 0.4831410646
007206 0.0377603993 0.4648437500 0.0585937500 0.4869791567
072488 0.7988281250 0.4140625000 0.8372396231 0.4524739683
073250 0.6692724824 0.4902343750 0.6868489981 0.5143228769
074646 0.8989257812 0.4555664062 0.9145507812 0.4755859375
007483 0.0646020472 0.4858735204 0.0799206570 0.5107663870
077475 0.0585937500 0.4726562500 0.0755208507 0.4921875000
079643 0.3756508827 0.4609375000 0.4029947817 0.4908854067
079688 0.3647460938 0.4116210938 0.4033203125 0.4536132812
079688 0.5961914062 0.4047851562 0.6391601562 0.4462890625
079688 0.8022460938 0.4321289062 0.8349609375 0.4672851562
080766 0.0319010243 0.4843750000 0.0507812500 0.5026041269
008098 0.3352866173 0.4830727577 0.3457029760 0.4960937500
081148 0.7111523151 0.4906982481 0.7242032886 0.5061687827
081223 0.3151040077 0.4915380776 0.3300781250 0.5084651113
081417 0.3268100619 0.3770883679 0.3848237395 0.4341352582
081417 0.6570019722 0.4413867295 0.7116338015 0.4998838007
081417 0.9035644531 0.4476713836 0.9523903131 0.4955328107
081478 0.0755209997 0.4231772423 0.1399741173 0.5403647423
081478 0.8483056426 0.2018227577 0.9375000000 0.2936196327
081733 0.1619038135 0.4722192287 0.1753957570 0.4927785695
081817 0.5950537324 0.3730468750 0.6197916269 0.3977864683
082079 0.7363281250 0.4856772423 0.7565103769 0.5078125000
083630 0.7940380573 0.4657944441 0.8153009415 0.4857113361
084284 0.3756508827 0.4635415077 0.4121093750 0.5052083731
084284 0.6347656250 0.3763022423 0.6738281250 0.4153645933
084284 0.1555991173 0.4733071327 0.1855468750 0.5084635019
084284 0.0065104002 0.4817709923 0.0266927239 0.5110677481
085024 0.0802519545 0.4989160299 0.0952390134 0.5221194625
085115 0.5466845632 0.4646440446 0.5642720461 0.4828349054
085278 0.0266927239 0.5273437500 0.0494791493 0.5572916269
086593 0.5293993950 0.4940625131 0.5448191166 0.5081980228
088853 0.1985249072 0.4850688577 0.2345035225 0.5287571549
008998 0.6145849824 0.4752602577 0.6210889220 0.4967449307
008998 0.6386718750 0.4739584923 0.6458333731 0.5019531250
008998 0.6829443574 0.4700522423 0.6979166269 0.5058593750
008998 0.7727881074 0.4570312500 0.8027343750 0.5175781250
091600 0.2794765532 0.4709345698 0.3038908243 0.4985608459
009360 0.6845605373 0.5385595560 0.6966468096 0.5598313808
094046 0.3391928673 0.4283852577 0.3834635317 0.4720050693
094620 0.6425781250 0.4830727577 0.6601562500 0.5026038289
095561 0.8114062548 0.4783598781 0.8263819814 0.4943114817
095561 0.9287060499 0.4882812500 0.9397917986 0.5020931959
095561 0.8633398414 0.4705786109 0.8755952716 0.4836119711
095561 0.9816210866 0.4902245998 0.9940705895 0.5028713346
095766 0.8098974824 0.4563803673 0.8307291269 0.4843750000
097889 0.1959633827 0.5227881074 0.2102864683 0.5397135019
