010446 0.8782568574 0.5078125000 0.8893228769 0.5195312500
010570 0.1158701181 0.4169765711 0.1259455532 0.4336402416
010570 0.8661181927 0.4452661276 0.8761935830 0.4576667845
012001 0.7432470918 0.4582031369 0.7634996176 0.4793769419
013073 0.1402841806 0.4297651350 0.1507471651 0.4433283806
013497 0.7751074433 0.4481840730 0.7870705724 0.4598251581
013802 0.0940991193 0.4378364384 0.1031534672 0.4498008192
014663 0.7631835938 0.4316406250 0.7734375000 0.4472656250
015332 0.6387060285 0.4336508811 0.6501203775 0.4441881478
016921 0.3774414062 0.1303710938 0.4707031250 0.1992187500
017912 0.3503222764 0.4456533194 0.3607856035 0.4584418535
017985 0.8609179854 0.3302324116 0.8949680924 0.3674958944
018071 0.6406250000 0.4711914062 0.6547851562 0.4853515625
018071 0.5747070312 0.4736328125 0.5820312500 0.4799804688
001891 0.8324950933 0.4496054649 0.8402305245 0.4602413476
018935 0.2065429688 0.4331054688 0.2207031250 0.4462890625
019713 0.4750976562 0.3901367188 0.5000000000 0.4160156250
020986 0.6455078125 0.4438476562 0.6743164062 0.4731445312
021529 0.7871093750 0.3818359375 0.8144531250 0.4111328125
002298 0.7773437500 0.4839843810 0.7937499881 0.5027343631
023320 0.7394531369 0.4683593810 0.7500000000 0.4789062440
025839 0.9369189739 0.4452543855 0.9461053610 0.4578241110
027505 0.2256455123 0.4673974514 0.2340915054 0.4773446918
027865 0.6739062667 0.4320903420 0.6874690056 0.4456535280
028763 0.4022509754 0.4227895439 0.4173642099 0.4386780858
028808 0.6098632812 0.4648437500 0.6264648438 0.4829101562
029363 0.7952490449 0.4882812500 0.8079443574 0.5013004541
029849 0.7729492188 0.4394531250 0.7851562500 0.4516601562
030178 0.7075244188 0.4232846797 0.7246867418 0.4384829998
030766 0.0501215830 0.4368833005 0.0633800328 0.4494774342
003448 0.7988281250 0.4723305702 0.8082681894 0.4824218750
034962 0.7135693431 0.4428374171 0.7261370420 0.4558903277
036185 0.7425732613 0.3848237395 0.7652962208 0.4089964926
003691 0.8759765625 0.4355468750 0.8896484375 0.4505208433
036945 0.3238076270 0.2165141553 0.3437243104 0.2756220698
039338 0.6728515625 0.4868164062 0.6840820312 0.4985351562
039762 0.8503808379 0.4399365187 0.8624610901 0.4520231485
039993 0.8015527129 0.4476718605 0.8112236857 0.4592744708
040022 0.9769482613 0.4487538934 0.9858588576 0.4572793841
040168 0.4123261571 0.4282148480 0.4278273880 0.4425533116
040588 0.3349609375 0.3623046875 0.3530273438 0.3857421875
040879 0.7329101562 0.3901367188 0.7519531250 0.4116210938
041372 0.7121875286 0.4800781310 0.7211975455 0.4891537726
042060 0.0449528806 0.4231772423 0.0561911128 0.4398408234
042515 0.8144531250 0.4633789062 0.8242187500 0.4741210938
004256 0.9018554688 0.3974609375 0.9194335938 0.4169921875
043248 0.7638134956 0.4355776310 0.7765997052 0.4483662248
044758 0.3922416866 0.4197280407 0.4109970629 0.4384829998
045259 0.9432031512 0.4307509661 0.9538404942 0.4447710514
045290 0.9230859280 0.4510556757 0.9325699806 0.4631419778
046960 0.9455615282 0.4363530278 0.9556362033 0.4500889778
047234 0.9459618926 0.4251303673 0.9602864981 0.4423828125
047240 0.5460205078 0.4406157136 0.5591983199 0.4557291567
048010 0.9827050567 0.4443037212 0.9933775067 0.4562681019
048857 0.4175781310 0.0957031250 0.5205107331 0.1754013598
004918 0.7084960938 0.3925781250 0.7260742188 0.4121093750
050473 0.5767529011 0.4099628925 0.5970568061 0.4312345088
000505 0.0375976562 0.4228515625 0.0566406250 0.4497070312
050648 0.8395214677 0.4700522423 0.8505875468 0.4807944298
051290 0.7831835747 0.3959428668 0.8044554591 0.4176979959
051434 0.1348818392 0.4230161011 0.1464843750 0.4399365783
052682 0.4677221775 0.4420229495 0.4780016541 0.4548720121
056360 0.4423828125 0.3686523438 0.4687500000 0.3945312500
056587 0.3921875060 0.2410156280 0.4082031250 0.2925781310
056737 0.6212011576 0.4363530278 0.6332155466 0.4486386180
056997 0.6549170017 0.4317026436 0.6688678265 0.4456535280
057389 0.5167382956 0.4064697325 0.5364626646 0.4284586906
057496 0.3603515625 0.4042968750 0.3813476562 0.4252929688
057710 0.5956249833 0.4522412121 0.6043998599 0.4610735476
058194 0.4633789062 0.4169921875 0.4780273438 0.4331054688
058303 0.0485506840 0.4291879833 0.0604802743 0.4441694915
058323 0.6266259551 0.4468906224 0.6392896771 0.4611186087
058531 0.1928710938 0.4760742188 0.2089843750 0.5034179688
005992 0.6855468750 0.4228515625 0.7104492188 0.4487304688
060075 0.5649414062 0.4145507812 0.5839843750 0.4321289062
060137 0.8615576029 0.4298994243 0.8769724369 0.4447710514
060572 0.8701171875 0.4853515625 0.8823242188 0.4980468750
061383 0.0478515625 0.3457031250 0.0898437500 0.4052734375
061672 0.7701806426 0.4069008827 0.7858072519 0.4244791567
062728 0.7338867188 0.5092773438 0.7519531250 0.5278320312
063264 0.8681640625 0.3432617188 0.8930664062 0.3706054688
065142 0.6684814692 0.4410034120 0.6812686324 0.4537915587
065785 0.9082031250 0.4736328125 0.9150390625 0.4838867188
067226 0.9823730588 0.4603793919 0.9920634627 0.4712301791
067401 0.0756835938 0.2851562500 0.1069335938 0.3168945312
067664 0.9075537324 0.4313149452 0.9205728769 0.4472656250
067754 0.6789453030 0.4293774366 0.6925068498 0.4437159300
068778 0.6758447289 0.4437158108 0.6874690056 0.4553416371
069211 0.6938476562 0.4619140625 0.7026367188 0.4702148438
069928 0.6904296875 0.4394531250 0.7163085938 0.4677734375
071208 0.7000293136 0.3954594731 0.7213025689 0.4181814492
072425 0.3838569224 0.4070620239 0.4041615129 0.4283338487
072688 0.6114843488 0.4520644546 0.6211842895 0.4620890617
073019 0.1523051709 0.4239316285 0.1613591760 0.4400998652
007443 0.7777636647 0.4162016511 0.7955884337 0.4351903200
074818 0.7766015530 0.4472036064 0.7893880606 0.4596043825
075545 0.9882812500 0.4150390625 1.0000000000 0.4370117188
075600 0.1763237268 0.4402280152 0.1875620186 0.4534034133
076228 0.5976562500 0.4811196327 0.6080728769 0.4921875000
076329 0.1713867188 0.3242187500 0.1992187500 0.3710937500
076771 0.8238281012 0.3808593750 0.8472656012 0.4074218869
077147 0.1883369088 0.4425532222 0.1953125000 0.4537915587
078233 0.6579687595 0.4205986261 0.6744082570 0.4375193417
078349 0.6914062500 0.4359374940 0.7109375000 0.4558593631
078472 0.8473290801 0.4895849526 0.8619791269 0.5039062500
078692 0.6374804974 0.4270522594 0.6510416269 0.4402281642
079920 0.6184961200 0.4468750060 0.6437853575 0.4706660509
008012 0.8366650343 0.4541791975 0.8451915979 0.4642547369
081000 0.8842773438 0.4243164062 0.8925781250 0.4365234375
081264 0.6114843488 0.4501240253 0.6218309999 0.4611186087
081595 0.7526025176 0.4986962974 0.7682291269 0.5156250000
081686 0.2534413934 0.4243398309 0.2608042061 0.4410032332
082508 0.4790039062 0.4550781250 0.4858398438 0.4619140625
082748 0.8256835938 0.4252929688 0.8393554688 0.4414062500
083118 0.5994726419 0.4500888586 0.6115601659 0.4616917074
083599 0.9312207103 0.4026381969 0.9440057874 0.4247272015
083888 0.3291015625 0.1962890625 0.3955078125 0.2558593750
085822 0.8539062738 0.4421874881 0.8625000119 0.4527343810
086245 0.8344726562 0.3574218750 0.8598632812 0.3862304688
086506 0.5119677782 0.4210820198 0.5327583551 0.4428372681
087701 0.5364599824 0.4928369224 0.5540364981 0.5117187500
087851 0.3501489162 0.4253188372 0.3673427105 0.4430101514
088023 0.0776074231 0.4291054606 0.0876319334 0.4465671480
088185 0.5558642745 0.4135839939 0.5739730000 0.4323391020
088732 0.7656250000 0.3876953125 0.7851562500 0.4096679688
090209 0.1310141534 0.2982866168 0.1580871046 0.3388961852
090444 0.8586035371 0.4486386776 0.8687538505 0.4626585841
090520 0.1340834945 0.4332529306 0.1449342817 0.4464285672
090960 0.3012695312 0.4423828125 0.3208007812 0.4643554688
092456 0.9187499881 0.4484375119 0.9398437738 0.4756386578
092572 0.6972656250 0.4042968750 0.7133789062 0.4218750000
093332 0.7651904225 0.3719931543 0.7921720743 0.4021895528
009356 0.2135263681 0.4433286190 0.2236018032 0.4545665979
009401 0.2998046875 0.4326171875 0.3120117188 0.4482421875
094297 0.6144531369 0.4617187381 0.6238281131 0.4707031250
094688 0.0833334997 0.5026025176 0.0970052257 0.5227864981
094932 0.3374023438 0.4594726562 0.3540039062 0.4799804688
095151 0.9460937381 0.4953125119 0.9578124881 0.5105468631
095500 0.6483300924 0.4286025465 0.6638299823 0.4441034198
095578 0.9339355230 0.4138764739 0.9480391741 0.4313150942
097426 0.8823925853 0.4565044045 0.8916946054 0.4661923349
097597 0.2050004900 0.4317026436 0.2162388116 0.4437159300
