011300 0.2270507812 0.2841796875 0.2622070312 0.3217773438
014614 0.4203124940 0.2425781190 0.4851562381 0.3031249940
015155 0.1752929688 0.2133789062 0.2167968750 0.2539062500
015489 0.5146484375 0.3496093750 0.5488281250 0.3837890625
021525 0.7523437738 0.4421874881 0.8027343750 0.4929687381
022067 0.6230468750 0.4736328125 0.6523437500 0.5053710938
023353 0.5659179688 0.3193359375 0.6044921875 0.3574218750
024197 0.6074218750 0.3496093750 0.6376953125 0.3803710938
024448 0.5991210938 0.4541015625 0.6240234375 0.4790039062
024514 0.2122397423 0.3626303673 0.2454427183 0.3964843750
025397 0.7017529011 0.4613281190 0.7330428958 0.4923357368
025844 0.1640625000 0.3235678673 0.2044272423 0.3658855557
026356 0.7250976562 0.2739257812 0.7695312500 0.3208007812
029282 0.3505859375 0.2167968750 0.3940429688 0.2568359375
029385 0.5971679688 0.3305664062 0.6396484375 0.3715820312
032871 0.7105468512 0.4652343690 0.7578125000 0.5144531131
033414 0.4975585938 0.2900390625 0.5424804688 0.3339843750
036902 0.7076806426 0.4537758827 0.7330728769 0.4791666567
003838 0.7924804688 0.4418945312 0.8222656250 0.4755859375
041523 0.7841796875 0.2246093750 0.8471679688 0.2885742188
042399 0.7290039062 0.4873046875 0.7744140625 0.5375976562
042661 0.7714843750 0.4804687500 0.8118441701 0.5240883827
044887 0.8671875000 0.4973974526 0.8932291269 0.5240901113
045248 0.4028320312 0.3564453125 0.4291992188 0.3837890625
045367 0.7607421875 0.4145507812 0.8106977344 0.4628906250
051386 0.7280273438 0.4379882812 0.7675781250 0.4843750000
055125 0.6940087676 0.4433593750 0.7148437500 0.4628906250
055998 0.5148437619 0.3403012753 0.5485903025 0.3729790151
056699 0.8881835938 0.4511718750 0.9091796875 0.4746093750
056972 0.5898437500 0.2900390625 0.6386718750 0.3383789062
058636 0.3255209923 0.4700522423 0.3743489683 0.5195312500
006011 0.3139648438 0.2626953125 0.3520507812 0.2988281250
060415 0.5380859375 0.3281250000 0.5776367188 0.3642578125
060702 0.5904931426 0.4563803673 0.6217447519 0.4889322817
063626 0.9252929688 0.4501953125 0.9570312500 0.4882812500
066415 0.8580712676 0.4375000000 0.8912760019 0.4759114683
073558 0.6074218750 0.5053710938 0.6235351562 0.5224609375
074726 0.8300781250 0.4680991173 0.8613265157 0.5006511807
075564 0.5727539062 0.2531250119 0.6007812619 0.2820312381
075670 0.6611328125 0.4711914062 0.6835937500 0.4965820312
075763 0.0488281250 0.4555664062 0.0717773438 0.4794921875
077344 0.7135400176 0.4648437500 0.7630171180 0.5156250000
077607 0.3632812500 0.2797851562 0.4028320312 0.3154296875
079656 0.3450522423 0.3476562500 0.3730468750 0.3756507337
079907 0.1508789062 0.4687500000 0.1806640625 0.5043945312
082264 0.8579101562 0.2265625000 0.9008789062 0.2719726562
084565 0.3452148438 0.2856445312 0.3950195312 0.3330078125
084617 0.3105468750 0.3247070312 0.3442382812 0.3588867188
085420 0.0664062500 0.3173828125 0.0903320312 0.3461914062
085685 0.3129882812 0.3271484375 0.3413085938 0.3544921875
086537 0.8950195312 0.4760742188 0.9199218750 0.5019531250
087797 0.8953124881 0.1933593750 0.9695312381 0.2707031369
089023 0.3408203125 0.3032226562 0.3857421875 0.3471679688
089845 0.7565087676 0.4511718750 0.8131508827 0.5130209923
090818 0.8510156274 0.4170825183 0.9125483632 0.4835937619
090978 0.6225585938 0.4604492188 0.6416015625 0.4873046875
091365 0.8740234375 0.5156250000 0.9003906250 0.5434570312
092518 0.7866210938 0.4824218750 0.8037109375 0.5019531250
094015 0.6806640625 0.2954101562 0.7309570312 0.3447265625
096615 0.8579101562 0.3735351562 0.8857421875 0.4062500000
097932 0.1362304688 0.3725585938 0.1679687500 0.4160156250
098794 0.5190429688 0.3066406250 0.5649414062 0.3500976562
098846 0.6054687500 0.4301757812 0.6459960938 0.4731445312
