010705 0.0957031250 0.2486977577 0.1289062500 0.2975257337
010705 0.2669272423 0.3411459923 0.2812500000 0.3750000000
010705 0.2005209923 0.3027343750 0.2220052183 0.3444010317
011184 0.2187500000 0.2194008827 0.2591145933 0.2584635317
011184 0.3808593750 0.1894531250 0.4303383827 0.2311197817
011184 0.5664062500 0.1822915077 0.6197915077 0.2246093750
000117 0.7421875000 0.4160156250 0.7583007812 0.4331054688
012614 0.4399414062 0.2148437500 0.4980468750 0.2661132812
012614 0.6225585938 0.2192382812 0.6782226562 0.2709960938
013274 0.8717431426 0.3242187500 0.8964843750 0.3515625000
013274 0.9505224824 0.3378906250 0.9700521231 0.3632812500
013471 0.8701171875 0.3681640625 0.9038085938 0.4042968750
001642 0.3502602577 0.3567709923 0.3828125000 0.3886718750
001642 0.4459633827 0.3541665077 0.4798177183 0.3847656250
001642 0.5429687500 0.3561196327 0.5755208731 0.3880208433
017257 0.9205712676 0.4309897423 0.9648437500 0.4817709923
018087 0.6726562381 0.4148437381 0.6816406250 0.4234375060
018247 0.7154931426 0.3828125000 0.7389322519 0.4075520933
018247 0.7818993926 0.3873696327 0.8040364981 0.4114583433
018247 0.8437500000 0.3958334923 0.8632812500 0.4186197817
019630 0.4697265625 0.3789062500 0.4809570312 0.3896484375
019630 0.5161132812 0.3774414062 0.5273437500 0.3886718750
019630 0.5600585938 0.3769531250 0.5722656250 0.3881835938
020038 0.8896484375 0.3857421875 0.9042968750 0.4038085938
020038 0.9340820312 0.3906250000 0.9482421875 0.4082031250
002105 0.6167968512 0.3101562560 0.6585937738 0.3511718810
002105 0.4738281369 0.3109374940 0.5160156488 0.3531250060
002105 0.3335937560 0.3199218810 0.3750000000 0.3605468869
021290 0.4054687619 0.2910156250 0.4339843690 0.3207031190
021290 0.1945312470 0.2804687619 0.2296874970 0.3113281131
022069 0.8295898438 0.3969726562 0.8515625000 0.4204101562
002273 0.8834618926 0.2812500000 0.9160156250 0.3190104067
002273 0.9759131074 0.3033852577 1.0000000000 0.3378906250
023686 0.8105468750 0.2838540077 0.8417968750 0.3177083433
023686 0.8997412324 0.2994790077 0.9270833731 0.3313802183
023686 0.9765625000 0.3164062500 0.9973958731 0.3437500000
024019 0.5019531250 0.4324218631 0.5128906369 0.4429687560
025722 0.2578125000 0.2886718810 0.2847656310 0.3156250119
025722 0.4449218810 0.2816406190 0.4738281369 0.3105468750
028040 0.4720053673 0.3906250000 0.4928385317 0.4114583433
028229 0.3300781250 0.3600258827 0.3496093750 0.3808593750
028617 0.8619824052 0.2574872971 0.8807529807 0.2770183980
028617 0.9862353802 0.2871093750 0.9999939203 0.3043619692
028661 0.6386718750 0.3932290077 0.6660156250 0.4199218750
029082 0.0071614748 0.5065087676 0.0240885261 0.5260416269
029098 0.1372070312 0.4663085938 0.1791992188 0.5175781250
029491 0.7018212676 0.4225258827 0.7233072519 0.4453122020
029491 0.7024756074 0.4492187500 0.7246093750 0.4733072817
029491 0.7031250000 0.4765625000 0.7272135019 0.5000000000
029998 0.6451806426 0.4010415077 0.6614583731 0.4173177183
029998 0.6946631074 0.4029946327 0.7109375000 0.4192708433
029998 0.7408837676 0.4055991173 0.7558593750 0.4212239683
029998 0.7851562500 0.4088540077 0.7994791269 0.4251302183
000002 0.4714843631 0.3765625060 0.4968749881 0.4015625119
000002 0.3699218631 0.3804687560 0.3941406310 0.4058593810
030838 0.4160156250 0.4106445312 0.4331054688 0.4282226562
030838 0.4677734375 0.4086914062 0.4843750000 0.4262695312
030838 0.5190429688 0.4072265625 0.5375976562 0.4252929688
031728 0.4814453125 0.3725585938 0.5048828125 0.3964843750
031728 0.5546875000 0.3730468750 0.5795898438 0.3964843750
003174 0.0410156250 0.3300781250 0.0664062500 0.3658854067
003174 0.1236977503 0.3561196327 0.1412760317 0.3847656250
031801 0.4671874940 0.2941406369 0.5074218512 0.3308593631
032521 0.6848974824 0.4153647423 0.6992187500 0.4303385317
033106 0.5660156012 0.4171875119 0.5840898752 0.4339843690
033106 0.5097656250 0.4156250060 0.5261718631 0.4316406250
033132 0.8066406250 0.4694008827 0.8417968750 0.5039062500
035161 0.7976562381 0.3882812560 0.8121093512 0.4042968750
036091 0.1497397423 0.2539062500 0.1738281250 0.2949218750
036091 0.2207031250 0.2936196327 0.2395833433 0.3287760317
036091 0.2708334923 0.3242187500 0.2838541567 0.3541666567
036167 0.6692724824 0.3639321327 0.6888021231 0.3828125000
036167 0.7246093750 0.3678383827 0.7441406250 0.3867187500
036167 0.7786474824 0.3717446327 0.7955728769 0.3899739683
036180 0.6595068574 0.3750000000 0.6777343750 0.3925781250
036180 0.7122412324 0.3769531250 0.7291666269 0.3958333433
036180 0.7630224824 0.3808593750 0.7786458731 0.3984375000
036786 0.0533852540 0.3561196327 0.0735677257 0.3867187500
036786 0.1178383753 0.3736977577 0.1334635317 0.3997395933
037039 0.4398437440 0.2378906310 0.4886718690 0.2847656310
037039 0.2289062440 0.2609375119 0.2730468810 0.3035156131
037172 0.4034599662 0.3780693412 0.4268973172 0.4009491801
037172 0.4701450169 0.3761162162 0.4935825765 0.3989955485
037172 0.5379443169 0.3755581081 0.5611049533 0.3984375000
037451 0.6999999881 0.3816406131 0.7156249881 0.3976562619
041963 0.4420571327 0.4342446327 0.4544270933 0.4466145933
041963 0.4915380776 0.4335937500 0.5039062500 0.4466145933
041963 0.5403662324 0.4335937500 0.5527343750 0.4446613193
043326 0.4972656369 0.4113281369 0.5124999881 0.4253906310
043833 0.0000000000 0.2200522423 0.0299479347 0.2662760317
043833 0.0917968750 0.2604165077 0.1171875000 0.3007812500
043833 0.1614584923 0.2936196327 0.1809895933 0.3294270933
044983 0.8457031250 0.3313803673 0.8697916269 0.3587239683
046278 0.4921875000 0.4144531190 0.5070312619 0.4296875000
046324 0.9329443574 0.3027343750 0.9707031250 0.3528647423
004710 0.0078125000 0.0716147497 0.0924477503 0.1529946327
004710 0.2968750000 0.0000000000 0.4394531250 0.0677076802
004710 0.7259131074 0.0169270989 0.8463540077 0.1022137180
048260 0.4576821327 0.4199218750 0.4707031250 0.4329425693
048260 0.4960937500 0.4186196327 0.5084635019 0.4309895933
048260 0.5351562500 0.4179687500 0.5481771231 0.4309895933
048869 0.4789062440 0.3000000119 0.5187500119 0.3406249881
048869 0.6261718869 0.3109374940 0.6644531488 0.3476562500
049049 0.9363281131 0.3226562440 0.9519531131 0.3429687619
004997 0.6653662324 0.3808593750 0.6835937500 0.4003904760
004997 0.7174462676 0.3841147423 0.7356771231 0.4023437500
004997 0.7675781250 0.3873696327 0.7845052481 0.4062500000
050739 0.2799477577 0.3203125000 0.3190104067 0.3593750000
050739 0.4303383827 0.3059897423 0.4752604067 0.3470052183
051071 0.4804687500 0.3722656369 0.5042968988 0.3953124881
051306 0.4843750000 0.4179687500 0.4980468750 0.4311523438
051519 0.9565429688 0.3461914062 0.9809570312 0.3774414062
052255 0.6236962676 0.4830727577 0.6445312500 0.5032552481
052667 0.7175781131 0.3890624940 0.7324218750 0.4046874940
052777 0.4761718810 0.4609375000 0.4859375060 0.4714843631
052777 0.5078125000 0.4601562619 0.5179687738 0.4710937440
053003 0.6566406488 0.4089843631 0.6683593988 0.4203124940
053134 0.6458349824 0.4303383827 0.6673193574 0.4524739683
053304 0.4789062440 0.1945312470 0.5390625000 0.2457031310
053944 0.4078125060 0.1699218750 0.4671874940 0.2175781280
053944 0.1632812470 0.2046875060 0.2078125030 0.2507812381
054525 0.1966147423 0.2701821327 0.2421875000 0.3138020933
054525 0.3769531250 0.2473959923 0.4316406250 0.2936199307
054525 0.5794287324 0.2421875000 0.6373696327 0.2903645933
055241 0.6383447051 0.4117836952 0.6487630606 0.4225260317
056263 0.2496093810 0.4593749940 0.2660156190 0.4781250060
056741 0.3488281369 0.5066406131 0.3679687381 0.5253906250
005715 0.0130208498 0.3502602577 0.0312500000 0.3736979067
059732 0.4505209923 0.4140625000 0.4680989683 0.4303385317
059732 0.5091162324 0.4114584923 0.5266975760 0.4283854067
059732 0.5683593750 0.4095053673 0.5859375000 0.4264322817
060094 0.3430991173 0.2076821327 0.4088540077 0.2669272423
006195 0.9446631074 0.3072915077 0.9700521231 0.3391927183
063102 0.8072900176 0.3658852577 0.8346353769 0.3984375000
063120 0.1477866173 0.3554687500 0.1666666567 0.3847656250
063201 0.6136718988 0.4296875000 0.6214843988 0.4382812381
063555 0.9153662324 0.4244790077 0.9329427481 0.4420572817
006365 0.0071614748 0.3750000000 0.0247395989 0.4003906250
006365 0.0722656250 0.3906250000 0.0891927257 0.4147135317
006365 0.1263022423 0.4042968750 0.1393229067 0.4244791567
063839 0.5878906250 0.4680991173 0.6015625000 0.4811197817
006425 0.8489599824 0.3776040077 0.8834635019 0.4166663587
065075 0.1332602501 0.4049794972 0.1695969254 0.4479305148
065075 0.7242870927 0.3942055702 0.7744155526 0.4459633827
065090 0.6230468750 0.4140625000 0.6324218512 0.4242187440
065357 0.3994140625 0.3984375000 0.4145507812 0.4135742188
065357 0.4731445312 0.3955078125 0.4897460938 0.4121093750
065600 0.7630224824 0.3606772423 0.7877603769 0.3860677183
065600 0.8463525176 0.3691406250 0.8684896231 0.3951822817
006560 0.0559897460 0.0709633753 0.1210937500 0.1347656250
006560 0.2871093750 0.0006510401 0.3990883827 0.0533854142
006560 0.6445312500 0.0000000000 0.7526054978 0.0462239757
065858 0.0390625000 0.5316406488 0.0847656280 0.5839843750
066056 0.2031250000 0.2324218750 0.2578125000 0.2819008827
066056 0.3893227577 0.2089843750 0.4518227577 0.2630209923
066834 0.7265625000 0.4459633827 0.7467447519 0.4667968750
068501 0.7604150176 0.4674477577 0.8033853769 0.5084635019
069241 0.4407553673 0.4322915077 0.4531250000 0.4446614683
069241 0.4908837974 0.4309897423 0.5039062500 0.4440104067
069241 0.5397118926 0.4296875000 0.5533708930 0.4427078962
069241 0.6894531250 0.4837241173 0.7096305490 0.5039069653
069522 0.2389321327 0.2519531250 0.2903647423 0.2994790077
069522 0.4134116173 0.2330727577 0.4720053673 0.2838540077
069522 0.6054687500 0.2330727577 0.6621093750 0.2838540077
069700 0.0351562500 0.2832031250 0.0605468750 0.3188476562
069700 0.1303710938 0.3232421875 0.1474609375 0.3530273438
006999 0.1367187500 0.3502602577 0.1516927183 0.3769531250
006999 0.1796875000 0.3632812500 0.1914062500 0.3880208433
071807 0.6783837676 0.3990883827 0.6920572519 0.4134114683
072645 0.3281250000 0.2109375000 0.3691404760 0.2473956496
072645 0.1090493128 0.2513017654 0.1393227577 0.2845050395
072694 0.3645834923 0.3821616173 0.3841145933 0.4010416567
072694 0.4498696327 0.3821616173 0.4694010317 0.3997395933
073110 0.6341162324 0.4173178673 0.6451822519 0.4290364683
073624 0.1214882806 0.4528090954 0.1442788094 0.4750974476
073804 0.6588525176 0.4661459923 0.6894531250 0.4947916567
000739 0.6445312500 0.4101562500 0.6552734375 0.4208984375
000073 0.0932617188 0.2832031250 0.1157226562 0.3193359375
078604 0.5893554688 0.3750000000 0.6069335938 0.3920898438
079532 0.4348959923 0.3209633827 0.4752604067 0.3593750000
079556 0.6868506074 0.4720053673 0.6992187500 0.4850260317
080709 0.4960937500 0.4218750000 0.5101562738 0.4351562560
081601 0.1158852503 0.2161459923 0.1510416567 0.2734375000
081601 0.2018227577 0.2695312500 0.2239583433 0.3144531250
081601 0.2578125000 0.3072915077 0.2721354067 0.3450520933
008169 0.4796875119 0.2945312560 0.5078125000 0.3218750060
084003 0.5854492188 0.4633789062 0.6020507812 0.4794921875
084263 0.3740234375 0.3935546875 0.3955078125 0.4165039062
084263 0.4633789062 0.3901367188 0.4877929688 0.4135742188
084783 0.9427099824 0.3522133827 0.9609375000 0.3750000000
085195 0.2124023438 0.2929687500 0.2426757812 0.3227539062
085195 0.4052734375 0.2709960938 0.4394531250 0.3027343750
085447 0.4576821327 0.4244790077 0.4720050693 0.4375000000
085447 0.4990234375 0.4228515625 0.5117187500 0.4355468750
008558 0.4606586993 0.4235493243 0.4698660672 0.4324776828
008558 0.4933056533 0.4221538007 0.5030691624 0.4310825765
008558 0.5265088081 0.4210380912 0.5365512967 0.4305245578
086335 0.4320312440 0.1894531250 0.4746093750 0.2238281220
086757 0.7506493926 0.3567709923 0.7792968750 0.3854166567
087799 0.7910156250 0.3919272423 0.8522133827 0.4596352577
090940 0.7388378978 0.4648437500 0.7609375119 0.4925777912
091702 0.7578125000 0.3372397423 0.7858072519 0.3652343750
091702 0.8326806426 0.3457031250 0.8580728769 0.3736980557
091702 0.8997412324 0.3548178673 0.9218750000 0.3815104067
091711 0.5922851562 0.3203125000 0.6289062500 0.3574218750
091711 0.4453125000 0.3208007812 0.4824218750 0.3579101562
092367 0.0384114757 0.2213540077 0.0742187500 0.2701819837
092367 0.1276040077 0.2623696327 0.1516927183 0.3046875000
092367 0.1901040077 0.2949218750 0.2070312500 0.3333333433
093851 0.1113281250 0.1881508827 0.1471354067 0.2382812500
093851 0.1998696327 0.2421875000 0.2239583433 0.2858072817
093851 0.2591147423 0.2858071327 0.2760416567 0.3222656250
094440 0.4003906250 0.2825522423 0.4485677183 0.3274739683
095780 0.3404946327 0.4466147423 0.3528645933 0.4596354067
098793 0.8105468750 0.0332031250 0.9140625000 0.1186523438
098793 0.3315429688 0.0014648438 0.4697265625 0.0742187500
