013143 0.2705078125 0.5488281250 0.2944335938 0.5815429688
018024 0.7001953125 0.4580078125 0.7309570312 0.4907226562
023475 0.5045556426 0.3268227577 0.5442708731 0.3658854067
031884 0.5278320312 0.2202148438 0.5952148438 0.2817382812
031998 0.0391591787 0.4771621227 0.0483446792 0.4892481565
033871 0.5839990377 0.4866645634 0.5946683884 0.4989522994
035157 0.6297705173 0.4744096696 0.6447531581 0.4882812500
041605 0.6705712676 0.4055991173 0.7018228769 0.4667968750
004809 0.4848632812 0.3798828125 0.5156250000 0.4096679688
049054 0.5941552520 0.4727451205 0.6048029065 0.4844135344
049372 0.2272133827 0.4479165077 0.2545572817 0.4772135317
053107 0.9257812500 0.3603515625 0.9506835938 0.3901367188
055865 0.1816406250 0.4545898438 0.2128906250 0.4848632812
060636 0.5830273628 0.4827841818 0.5943449736 0.4931317270
063436 0.8471679688 0.3950195312 0.8637695312 0.4145507812
006824 0.8041992188 0.3842773438 0.8696289062 0.4501953125
069435 0.6059570312 0.3579101562 0.6362304688 0.3886718750
073390 0.5805664062 0.3823242188 0.6044921875 0.4057617188
074599 0.5048828125 0.3818359375 0.5317382812 0.4086914062
074668 0.7534179688 0.3881835938 0.7773437500 0.4145507812
077439 0.6528320312 0.3549804688 0.6743164062 0.3779296875
077533 0.4125976562 0.2734375000 0.4462890625 0.3046875000
079559 0.6206054688 0.4321289062 0.6484375000 0.4594726562
080692 0.1842446327 0.4218750000 0.1992187500 0.4407552183
081302 0.7373046875 0.2880859375 0.7690429688 0.3198242188
083816 0.8798828125 0.3940429688 0.9272460938 0.4458007812
084374 0.6347656250 0.4746997058 0.6535208225 0.4934550822
089623 0.9125976562 0.4877929688 0.9326171875 0.5151367188
091397 0.6181640625 0.4711914062 0.6430664062 0.4965820312
093504 0.6014745831 0.4777387679 0.6164559722 0.4918878973
094589 0.4375000000 0.3359375000 0.4604492188 0.3574218750
097107 0.5629882812 0.3999023438 0.5810546875 0.4179687500
009966 0.8639209270 0.4423539937 0.8992110491 0.4781288505
