010056 0.2025639713 0.4283339977 0.2107828110 0.4442875981
010056 0.5936718583 0.4534731507 0.6043084860 0.4641088843
010056 0.9847802520 0.4447709918 0.9925162792 0.4563737810
001031 0.6473339796 0.3886913955 0.6734413505 0.4157642126
010377 0.6694580317 0.4433081150 0.6778115034 0.4535875916
010426 0.2814799845 0.4509418905 0.2920113206 0.4633884728
010496 0.2687963843 0.1131264642 0.3016710579 0.1812924743
010502 0.1732236296 0.4282148480 0.1867869645 0.4437159300
001054 0.3877241313 0.4230161011 0.4002939463 0.4360689819
010570 0.6983203292 0.4410034120 0.7114955783 0.4518539011
011061 0.0864257812 0.4614257812 0.0957031250 0.4785156250
011621 0.7295215130 0.4554067254 0.7391908169 0.4655592144
011722 0.5125342011 0.4100268483 0.5316121578 0.4284586906
000117 0.8398437500 0.4243164062 0.8530273438 0.4409179688
001191 0.1725258827 0.4472656250 0.1953125000 0.4746093750
012253 0.3658232391 0.4468159080 0.3789992630 0.4599919319
012529 0.0066765626 0.3210317492 0.0344415531 0.3602858782
012614 0.9414062500 0.2753906250 0.9750976562 0.3188476562
012686 0.6829492450 0.3957646489 0.7028680444 0.4176089764
013044 0.3104072213 0.4367402196 0.3212580681 0.4483662248
013456 0.6925879121 0.4137538970 0.7240696549 0.4439504445
013497 0.5675048828 0.4362192452 0.5807636976 0.4481839836
013701 0.8587988019 0.3082875907 0.8836933374 0.3484987915
013870 0.0179893058 0.4394531250 0.0321237780 0.4574424326
014092 0.4940820336 0.3944926858 0.5172880292 0.4176979959
014359 0.6018261909 0.4460410178 0.6134517789 0.4568917453
014663 0.5048828125 0.3969726562 0.5219726562 0.4160156250
014776 0.2395834923 0.3554687500 0.2701822817 0.3860677183
014776 0.8684912324 0.4518227577 0.8906250000 0.4824218750
014901 0.6276220679 0.6061425805 0.6425337195 0.6211714149
001507 0.6068652272 0.4553417861 0.6157768965 0.4642547369
015332 0.9606494308 0.4644375145 0.9683762193 0.4756178856
015375 0.3828896582 0.4563735425 0.3944925666 0.4684599042
015705 0.6647412181 0.3857905269 0.6884282231 0.4114132226
015779 0.6429833770 0.4104462862 0.6613551974 0.4312345088
015991 0.4703935683 0.3577504754 0.5032681227 0.3891746700
001616 0.8853320479 0.4458779395 0.8975380659 0.4632247090
016188 0.9287011623 0.5027831793 0.9499719739 0.5250232220
016360 0.6914062500 0.4453125000 0.7192382812 0.4790039062
016686 0.3941127956 0.4619296789 0.4041883647 0.4723927379
016813 0.7513037324 0.4446616173 0.7623697519 0.4576822817
016826 0.8697900176 0.5351562500 0.8938802481 0.5605468750
017417 0.1292509735 0.4834941328 0.1469678283 0.5055146813
017483 0.8248681426 0.3977866173 0.8502603769 0.4225260317
017488 0.1512714773 0.4001992047 0.1646752506 0.4250918925
017563 0.9040966630 0.4483662248 0.9126209021 0.4576667845
017589 0.9739745855 0.5797949433 0.9836764932 0.5924047828
017892 0.0352916010 0.3833735287 0.0570467301 0.4133470356
017912 0.1608227491 0.4499165118 0.1697358340 0.4611544907
017924 0.5883544683 0.4452543855 0.5985071063 0.4573406875
018087 0.7082031369 0.4152343869 0.7167968750 0.4238281250
018408 0.3716123104 0.4742377996 0.3817667961 0.4833119512
018447 0.2230776399 0.4863662124 0.2355238795 0.4988127947
018506 0.2920019627 0.4312343895 0.3021542430 0.4428372681
018605 0.0660615265 0.1694623977 0.1129748523 0.2527573109
018639 0.4203100502 0.4580410123 0.4286332428 0.4660866559
001891 0.5907714963 0.4380029440 0.6033393741 0.4500889778
018985 0.3848808706 0.4432827234 0.4203050435 0.4758349657
019006 0.3910141587 0.4499579966 0.4199995697 0.4791379273
019325 0.1640625000 0.5169287324 0.1875000000 0.5416682363
019713 0.1025390625 0.4169921875 0.1152343750 0.4326171875
019715 0.6713867188 0.4667968750 0.6860351562 0.4833984375
019973 0.5911132693 0.4449501932 0.6027525067 0.4569148421
020015 0.6005273461 0.3842436671 0.6204435825 0.4058833122
002007 0.0385485366 0.3058183491 0.0623201169 0.3379420340
020351 0.0841640607 0.4124692380 0.1002261713 0.4330283701
000204 0.5704345703 0.4491411150 0.5808996558 0.4576667845
020600 0.2741718888 0.6146728396 0.2856229544 0.6269876957
020605 0.6197803020 0.2716972530 0.6366994381 0.3292270601
020874 0.1349199265 0.4118266702 0.1477693319 0.4285310507
020974 0.1171875000 0.4075522423 0.1354166567 0.4322916567
021005 0.1284951121 0.3623559475 0.1541941464 0.3925524950
021032 0.8697900176 0.3815102577 0.8847656250 0.4003906250
021126 0.8236523271 0.4343134761 0.8416426778 0.4574424326
021745 0.5750879049 0.4363530278 0.5832248330 0.4456531107
021840 0.1034384742 0.2357885689 0.1355623007 0.2846165597
021960 0.5795117021 0.4529453218 0.5897923112 0.4638671875
022037 0.5743359327 0.4510556757 0.5815864801 0.4612082541
022219 0.2968237400 0.4049863219 0.3178622127 0.4317434132
022305 0.3118232489 0.4244663119 0.3277769089 0.4384862185
022415 0.5743114948 0.4216269553 0.5898127556 0.4371279776
022576 0.4142641723 0.4655590951 0.4210816920 0.4727802873
022599 0.0246557612 0.4254330993 0.0348081551 0.4375193417
022599 0.4288173914 0.4500888586 0.4375193417 0.4592744708
022599 0.7657812238 0.4089961052 0.7730314136 0.4244662523
002272 0.8695166111 0.1464843750 0.9371244907 0.2159707099
022748 0.6250976324 0.4283339977 0.6415339112 0.4452545047
023170 0.7755078077 0.3590302765 0.8032705188 0.3944546282
023651 0.3293960094 0.4146513641 0.3460596800 0.4324776828
023962 0.2385917902 0.4705253839 0.2552379370 0.4863392115
023991 0.6456884742 0.4311010838 0.6611071229 0.4484480023
024019 0.5710937381 0.4308593869 0.5820312500 0.4417968690
024352 0.0178875495 0.4786123037 0.0352916010 0.5003674030
024425 0.7067968845 0.3712871075 0.7343556881 0.3993270397
024550 0.3061445355 0.4224018455 0.3228081465 0.4390655756
024747 0.8126416206 0.4200766683 0.8308531642 0.4394531250
024804 0.3964843750 0.4521484375 0.4052734375 0.4619140625
025226 0.3671875000 0.4166665077 0.3880208433 0.4381510317
025332 0.2805991173 0.3821616173 0.3092444837 0.4114584923
025510 0.8461377025 0.4495288134 0.8699115515 0.5101255178
025579 0.2141669989 0.3915917873 0.2233523875 0.4085125625
025579 0.5583789349 0.4375195205 0.5685291290 0.4467048347
002569 0.1110600606 0.3619023561 0.1388250440 0.3896675706
025883 0.7324218750 0.3880551755 0.7478412390 0.4060443938
026065 0.5498974323 0.4553417861 0.5584232211 0.4638671875
026325 0.6900195479 0.3919101655 0.7092927694 0.4137541056
026582 0.3903017640 0.4611186385 0.4003259242 0.4717896581
026615 0.9568652511 0.4913330078 0.9726784825 0.5149125457
026628 0.3658852577 0.4121093750 0.3854166567 0.4309895933
002666 0.0631894544 0.2920112312 0.0947839841 0.3245634139
027121 0.5515624881 0.4851562381 0.5730468631 0.5074218512
027237 0.0908881873 0.4341352582 0.0976562500 0.4497332573
027237 0.3976923823 0.4465205073 0.4060443938 0.4555149972
027354 0.9784765840 0.2939262688 0.9985764623 0.3389246166
027473 0.8645458817 0.4911523461 0.8745552301 0.5112591982
028184 0.2968554795 0.4829370081 0.3082731068 0.4950832129
028592 0.5825536847 0.4375195205 0.5951229930 0.4496055245
028763 0.0023251465 0.4092260599 0.0135633787 0.4282148778
029002 0.6143945456 0.4274887741 0.6289450526 0.4446269572
029123 0.6219140887 0.3713505864 0.6411904097 0.3931949139
002915 0.3334448338 0.4266035259 0.3488641083 0.4452354014
029175 0.5763623118 0.4079716802 0.5983839035 0.4289214015
029297 0.3984375000 0.5097656250 0.4210937619 0.5328124762
029297 0.4914062619 0.4507812560 0.4976562560 0.4578124881
029389 0.0903320312 0.3442382812 0.1157226562 0.3769531250
029400 0.8701171875 0.4453125000 0.8823242188 0.4624023438
029507 0.4045756757 0.4522412121 0.4123263657 0.4607670009
029550 0.5975635052 0.4406157136 0.6099640131 0.4534040093
029849 0.4482421875 0.4721679688 0.4580078125 0.4819335938
029849 0.3691406250 0.4814453125 0.3754882812 0.4882812500
000002 0.2390625030 0.4851562381 0.2476562560 0.4933593869
030029 0.5987255573 0.4351904392 0.6119016409 0.4495287538
030205 0.6041650176 0.4003906250 0.6276041269 0.4238281250
030649 0.8774560690 0.4433208108 0.8871248364 0.4549234509
030732 0.0976562500 0.4831416011 0.1098632812 0.4998458028
030800 0.5153564215 0.4824799895 0.5298576951 0.4960164130
003097 0.2840908170 0.4749643505 0.2960205078 0.4877263606
031005 0.0282688960 0.3398696184 0.0546104014 0.3752056062
031082 0.3485649526 0.4815131724 0.3577506244 0.4931157231
031445 0.3050546944 0.4399365187 0.3127900958 0.4471882880
031485 0.3789062500 0.4498696327 0.3971354067 0.4746093750
031516 0.0089130858 0.4375156164 0.0170510747 0.4510788620
031602 0.2697631717 0.4167309701 0.2881342769 0.4365524352
031728 0.7192382812 0.3779296875 0.7402343750 0.4003906250
031752 0.1397827119 0.6204052567 0.1819086969 0.6615732312
031752 0.2776499093 0.5524267554 0.3054149449 0.5821078420
031765 0.3220331967 0.4289897382 0.3375340700 0.4441034198
031801 0.7371093631 0.2996093631 0.7718750238 0.3335937560
032067 0.1982133836 0.4225327075 0.2102993727 0.4355855584
032097 0.7613329887 0.3090307713 0.7806075215 0.3559313416
032277 0.8237939477 0.3055385649 0.8494160175 0.3509823680
032356 0.3039633930 0.4316923916 0.3211015165 0.4488307238
032797 0.2603090703 0.4769633710 0.2738903463 0.4911916554
033075 0.8461572528 0.4463886619 0.8511598110 0.4574865103
033241 0.4748862386 0.4817998111 0.4833122194 0.4904419780
033768 0.6192968488 0.4268833101 0.6366994381 0.4433206916
033871 0.7838379145 0.4869877994 0.7909509540 0.4979821742
033887 0.9540771246 0.4445927739 0.9637129903 0.4567999542
033902 0.6643213034 0.4150390625 0.6874485612 0.4336708486
034548 0.5958837867 0.4172812402 0.6125901937 0.4320581555
003457 0.2534755766 0.3922373056 0.2727498412 0.4147239625
034605 0.6217138767 0.4176982343 0.6386331916 0.4351021051
034665 0.5748193264 0.4515390694 0.5840036869 0.4616917074
034711 0.3770883679 0.4491220713 0.3872408569 0.4607248008
034867 0.0878906250 0.4654946327 0.1113281250 0.5045572519
035089 0.7839648724 0.4069008827 0.8048890233 0.4278273880
035161 0.8898437619 0.3957031369 0.9019531012 0.4105468690
035655 0.6425781250 0.3483071327 0.6699218750 0.3750000000
035743 0.6792431474 0.3790224493 0.7048654556 0.4065787494
036046 0.0032123779 0.2929687500 0.0314813219 0.3398694396
036412 0.1503393501 0.5043408275 0.1567639709 0.5358244181
036412 0.6064990163 0.5024169683 0.6187037826 0.5274722576
036465 0.4186455011 0.4505722523 0.4280783832 0.4599831402
036546 0.7448681593 0.3293505907 0.7755055428 0.3628600240
036550 0.3832622170 0.4518539906 0.3925626576 0.4627045989
036857 0.3809238374 0.4439804554 0.3899782598 0.4543279409
037040 0.1105058566 0.3649257720 0.1374896914 0.3951223195
037113 0.3751547933 0.4326850474 0.3862739801 0.4438041449
037451 0.8031250238 0.3835937381 0.8183593750 0.3992187381
037727 0.2968237400 0.3938373923 0.3141704500 0.4143965840
037789 0.1503598690 0.4506914020 0.1608228087 0.4623170793
038030 0.3466313481 0.4529897571 0.3606513143 0.4660426676
038053 0.7800878882 0.5971777439 0.8002391458 0.6177163124
038062 0.1281201243 0.5446728468 0.1419472694 0.5606592298
038365 0.0526577160 0.0555297844 0.1196767613 0.1369101554
038731 0.3790605366 0.4407382905 0.3938373625 0.4548725188
038731 0.8596338034 0.3758481443 0.8744089603 0.4028320312
039591 0.6053125262 0.4328652322 0.6173269749 0.4448784590
039610 0.0671875030 0.4609375000 0.0804687515 0.4781250060
039762 0.6052734256 0.4201152325 0.6221960187 0.4375193417
039950 0.5288916230 0.4844135642 0.5371093750 0.4935991764
039993 0.5902881026 0.4336518645 0.6023717523 0.4467048347
040008 0.0507714860 0.5650488138 0.0619461425 0.5793797374
004001 0.7148437500 0.4420571327 0.7285156250 0.4739583433
040022 0.8200048804 0.4348027408 0.8316282034 0.4475911558
040043 0.5762988329 0.4221064448 0.5910772681 0.4368832111
040179 0.4908691347 0.4526289105 0.5010756254 0.4617653191
040428 0.7889599800 0.4433081150 0.8300781250 0.4850690365
040486 0.3496093750 0.4252929688 0.3647460938 0.4404296875
040588 0.0483398438 0.4003906250 0.0571289062 0.4155273438
040879 0.2656250000 0.4013671875 0.2827148438 0.4189453125
040890 0.5777197480 0.4428374171 0.5864209533 0.4515393078
041052 0.2538095713 0.3935258687 0.2731474042 0.4114132226
041097 0.5564844012 0.3824868202 0.5839998722 0.4100012183
041137 0.5814111233 0.4423632920 0.5927281976 0.4536812007
041139 0.5998876691 0.4204643667 0.6138393283 0.4355778694
041274 0.9521484375 0.4426655173 0.9669253826 0.4587273896
041321 0.1127929688 0.4619140625 0.1406250000 0.4897460938
041626 0.3330947161 0.4331684709 0.3475982547 0.4476717412
042260 0.4461547732 0.0765932649 0.4681755304 0.1541435570
042293 0.3968251944 0.4479785264 0.4069010317 0.4592168927
042329 0.9501953125 0.4887695312 0.9580078125 0.4980468750
042332 0.4069008827 0.4622397423 0.4570312500 0.5130209923
042515 0.5913085938 0.4506835938 0.6040039062 0.4638671875
004256 0.4365234375 0.4052734375 0.4545898438 0.4252929688
042593 0.0615234375 0.4809570312 0.0668945312 0.4882812500
042883 0.0754174814 0.4902148545 0.0865369663 0.5032681227
042891 0.3944545984 0.4729614258 0.4097732902 0.4882811904
042891 0.4897753894 0.4842368066 0.4930725992 0.4872325361
043013 0.8712451458 0.2470126897 0.9105009437 0.3025429547
043248 0.5774121284 0.4344155192 0.5905877948 0.4468161166
043326 0.5933593512 0.4093750119 0.6097656488 0.4253906310
004342 0.1605044007 0.4655590951 0.1812925339 0.4868309200
043479 0.8160595894 0.5081005692 0.8315337300 0.5472508669
043479 0.3901416063 0.4979492128 0.3969098032 0.5095529556
043541 0.9411572218 0.5779638886 0.9561340213 0.5964423418
043598 0.3543666899 0.4360688329 0.3683864176 0.4515393078
043766 0.5852929950 0.4876386821 0.5981445312 0.5017732382
043792 0.2021484375 0.1923828125 0.2407226562 0.2592773438
004407 0.4911523461 0.4203046858 0.5064697862 0.4384956956
044480 0.5979492068 0.4437158108 0.6091889739 0.4553416371
044600 0.1981845647 0.3744565547 0.2288220227 0.4048530757
044680 0.5737304688 0.4471625984 0.5840100646 0.4580849111
044883 0.5754736066 0.4510791004 0.5851624608 0.4611544907
044980 0.6175634861 0.4316850603 0.6308816075 0.4458340704
044983 0.9915381074 0.3541665077 1.0000000000 0.3776041567
045290 0.7449902296 0.4409033060 0.7556273341 0.4529896379
004541 0.7701318264 0.5022997856 0.8005878925 0.5361424685
045495 0.3050546944 0.4442875981 0.3161742091 0.4563737810
045777 0.7304834127 0.3886874914 0.7545108199 0.4131014049
046120 0.3533994257 0.4447709918 0.3664526343 0.4592744708
046163 0.3390839696 0.4313149452 0.3526475728 0.4452660084
046204 0.5864208937 0.4481552839 0.5980236530 0.4597579241
004620 0.5570849776 0.4347836971 0.5682021379 0.4488038123
046211 0.0963540003 0.4882812500 0.1067708507 0.5026041269
046278 0.5945312381 0.4136718810 0.6101562381 0.4289062619
046346 0.8152002096 0.4856938422 0.8239331245 0.4999220669
046423 0.8894384503 0.1828662157 0.9363511205 0.2374389619
046459 0.6902978420 0.3417968750 0.7266774178 0.3772211969
046473 0.2728505731 0.4049736261 0.2939137816 0.4250794947
046506 0.7683984637 0.4362407327 0.7761127353 0.4535875916
046601 0.2578125000 0.4003906250 0.2766927183 0.4199218750
046746 0.8454980254 0.3000361323 0.8666992188 0.3443667889
046904 0.7410400510 0.3188188374 0.7659313679 0.3542432487
046949 0.3645190299 0.4118964970 0.3805493712 0.4278273880
046960 0.6638281345 0.4169765711 0.6793274283 0.4328651726
047057 0.8540136814 0.3159467876 0.8875229955 0.3523284197
047192 0.0256226566 0.4365522563 0.0410929695 0.4587910175
047467 0.5751953125 0.4926757812 0.5839843750 0.5014648438
000478 0.3829155266 0.4420229495 0.3951224685 0.4535875916
047910 0.3664526343 0.4481552839 0.3790222704 0.4607248008
048435 0.0019337891 0.3326113224 0.0261061043 0.3722538948
048540 0.7058300972 0.3857905269 0.7319384217 0.4133470356
004863 0.9540868998 0.4534038007 0.9618365765 0.4650289416
048965 0.6692529321 0.3999257684 0.6878565550 0.4189143181
004918 0.3457031250 0.4223632812 0.3583984375 0.4340820312
049248 0.3585014641 0.4355981350 0.3720370233 0.4483309686
049478 0.5727636814 0.4537914991 0.5808996558 0.4627045989
049763 0.3384125829 0.4409033060 0.3519492745 0.4554068744
050248 0.6337988377 0.4336518645 0.6478186846 0.4500889778
050345 0.3959428668 0.4602411985 0.4027111828 0.4694268107
050510 0.0890624970 0.4757812619 0.1023437530 0.4898437560
050732 0.0661748052 0.4041171968 0.0828792974 0.4259611368
050937 0.4432827234 0.2996703982 0.4700903893 0.3762636781
051031 0.0019274268 0.3083881736 0.0334087238 0.3572162688
051071 0.6429687738 0.3726562560 0.6671875119 0.3957031369
051306 0.5747070312 0.4228515625 0.5878906250 0.4355468750
051633 0.0411184095 0.4638671875 0.0764545426 0.5171929002
051886 0.4443037212 0.4603793919 0.4506917000 0.4689050317
005201 0.4774306715 0.4661923945 0.4913814366 0.4805307686
052075 0.3090307713 0.4272460938 0.3250925243 0.4439504445
052075 0.8153027296 0.4966357350 0.8262210488 0.5081980228
052252 0.1009116247 0.4707031250 0.1080733389 0.4785159230
052281 0.7367724776 0.3224589825 0.7720645070 0.3621016741
052497 0.1039409190 0.3601679802 0.1305306107 0.3915919065
052667 0.8109375238 0.3957031369 0.8257812262 0.4117187560
005275 0.6661572456 0.4096137583 0.6847563386 0.4278273880
052777 0.5789062381 0.4597656131 0.5890625119 0.4703125060
052988 0.7313232422 0.4174638689 0.7445801497 0.4329856038
053003 0.7285156250 0.4124999940 0.7402343750 0.4238281250
053176 0.0259641595 0.4557294846 0.0515408218 0.4847936928
053304 0.8441406488 0.2230468690 0.8917968869 0.2710937560
005345 0.6144629121 0.4505722523 0.6221960187 0.4587910175
053526 0.8223681450 0.3527187407 0.8416426778 0.3797029257
053722 0.9185497761 0.3234257698 0.9490060806 0.3698369563
053796 0.5223339796 0.4780014753 0.5390368104 0.4929315448
054036 0.7439844012 0.3617133796 0.7716093063 0.3919099569
054091 0.6362158060 0.4283339977 0.6502359509 0.4438041449
054237 0.2863281369 0.4875000119 0.2953124940 0.4984374940
054490 0.7009423971 0.3572162986 0.7356342077 0.3919099569
054607 0.1432719678 0.4889257848 0.1683285087 0.5204071999
054663 0.5607959032 0.4471884668 0.5680499673 0.4554068744
054963 0.6257128716 0.4552978575 0.6357357502 0.4656454027
055157 0.2886176705 0.4162475467 0.3074721694 0.4346186519
055200 0.3867573142 0.4360688329 0.3973932564 0.4481551647
055241 0.7441406250 0.4166665077 0.7542318106 0.4274088442
055514 0.6386718750 0.4736328125 0.6562500000 0.4921875000
055540 0.7539062500 0.3164062500 0.7744140625 0.3623046875
055562 0.7626611590 0.5623583794 0.7781982422 0.5842729211
055632 0.4041582048 0.4507294893 0.4157608747 0.4618485868
055869 0.6994824409 0.4072885811 0.7192466259 0.4270525873
055926 0.6998681426 0.2843520641 0.7209329009 0.3312653303
055943 0.3925625086 0.4580541849 0.4010881782 0.4685172439
056350 0.7333984375 0.3266601562 0.7709960938 0.3666992188
056374 0.3292270601 0.4423539937 0.3446975648 0.4558903277
056737 0.3565229475 0.4433286190 0.3679029644 0.4549234509
056763 0.1666357368 0.4491411150 0.1759362817 0.4623170793
056922 0.0913715810 0.3891748190 0.1068418473 0.4118966758
056922 0.5956054926 0.4360688329 0.6130105257 0.4529896379
056997 0.4576669931 0.4332529306 0.4700675905 0.4472036064
057018 0.4007006884 0.4518539906 0.4088386595 0.4623170793
057098 0.1252128929 0.3751547933 0.1498685032 0.4046449661
057237 0.7227538824 0.3795058727 0.7488591075 0.4065787494
005728 0.5970556736 0.4476718605 0.6072056890 0.4583075643
057496 0.0058593750 0.4360351562 0.0170898438 0.4492187500
057689 0.6181005836 0.4305400252 0.6336030364 0.4456535280
057710 0.4018632770 0.4553417861 0.4096137285 0.4642547369
057710 0.8792920113 0.4289897382 0.8885943890 0.4448784590
058006 0.5718457103 0.5198633075 0.5808336139 0.5320091248
058067 0.0287224129 0.3619023561 0.0469132811 0.3877527416
058194 0.2045898438 0.4414062500 0.2138671875 0.4541015625
058223 0.5917382836 0.4322016537 0.6038250327 0.4457379282
058247 0.3696987331 0.4561167061 0.3805493712 0.4681299925
058250 0.0199167486 0.4780014753 0.0282688960 0.4895662069
058250 0.3803452253 0.4735043943 0.3880550861 0.4844264090
058303 0.5862157941 0.4494409263 0.5981445312 0.4599831402
058323 0.3417968750 0.4485073388 0.3521445692 0.4604718685
005836 0.6758593917 0.3882080019 0.6961633563 0.4089959860
058534 0.6945165992 0.3199526370 0.7227847576 0.3507915437
058660 0.4270834923 0.3548178673 0.4570312500 0.3873700798
058978 0.7298535109 0.2634150386 0.7523444891 0.3205952048
059076 0.9668505788 0.4860615134 0.9834965467 0.5101982355
059301 0.3879120946 0.4460410178 0.3964378834 0.4561167061
005937 0.8916015625 0.3764648438 0.9135742188 0.4018554688
059471 0.5767529011 0.4529897571 0.5859375000 0.4636254907
059476 0.7554004192 0.3121171892 0.7755055428 0.3465838432
059798 0.3576855361 0.4541791975 0.3669860363 0.4634796381
059948 0.5332568288 0.4442402422 0.5461065769 0.4557291567
005997 0.5261865258 0.3790605366 0.5448191166 0.3996196687
005998 0.4192709923 0.4433593750 0.4296875000 0.4524739683
060099 0.9033203125 0.4130859375 0.9462890625 0.4775390625
060137 0.5374951363 0.4158139527 0.5576481819 0.4344152808
060251 0.2815512717 0.4656889737 0.2961269915 0.4809934497
060636 0.4368662238 0.4708193243 0.4420400262 0.4772868156
060750 0.7459570169 0.3683862388 0.7764096260 0.3969098032
061035 0.8073583841 0.3374457955 0.8378132582 0.3732208908
061176 0.9683447480 0.4196318388 0.9838141799 0.4351021051
061377 0.6386425495 0.4189145565 0.6541418433 0.4355778694
061448 0.6806640625 0.3559570312 0.7114257812 0.3862304688
061524 0.6118066311 0.4142304659 0.6305618882 0.4326624572
061789 0.4118964970 0.4457377791 0.4205986857 0.4573406875
061789 0.8590869308 0.3862739205 0.8711711168 0.4056118727
061901 0.7788330317 0.4365522563 0.7918858528 0.4505724013
062161 0.3655683696 0.0700297877 0.3867701590 0.1464843750
062236 0.8108056784 0.3083881736 0.8442125916 0.3430818319
062596 0.2010571361 0.3623559475 0.2316942364 0.3982838392
062599 0.3890083134 0.4562680721 0.3983857334 0.4656457007
062770 0.1339145452 0.4370361269 0.1498685032 0.4539565444
062770 0.6807226539 0.2163754851 0.7123161554 0.2862671018
062790 0.2910537124 0.4327514768 0.3045333028 0.4497327209
063065 0.6893945336 0.3746713996 0.7179184556 0.3998104930
063201 0.6675781012 0.4316406250 0.6753906012 0.4398437440
063266 0.8024511933 0.3585014641 0.8294356465 0.3874126375
006352 0.4278271496 0.4549540877 0.4359653890 0.4638671875
006366 0.3443666995 0.5043408275 0.3520764709 0.5152652264
000640 0.9291845560 0.4491220713 0.9490062594 0.4819960892
064109 0.4601518512 0.4815585911 0.4677592814 0.4898736477
000641 0.9682080150 0.3829155266 0.9887695312 0.4124691486
064400 0.0551127940 0.4544399381 0.0642984360 0.4670097530
064400 0.4239829183 0.4684599638 0.4322014153 0.4776453972
064488 0.3116005957 0.3906250000 0.3270199299 0.4098995030
064670 0.3306777477 0.4326850474 0.3466313481 0.4476717412
064834 0.3854853511 0.4471625984 0.3931949139 0.4561574757
064876 0.1991796941 0.4718437493 0.2175511271 0.4897314906
064957 0.4576728642 0.4787490368 0.4690903425 0.4897387326
065050 0.6223974824 0.4453125000 0.6477864981 0.4707031250
065090 0.6824218631 0.4140625000 0.6914062500 0.4242187440
065096 0.1657587886 0.3842001855 0.1895302236 0.4124688506
065142 0.4448784292 0.4375156164 0.4565041959 0.4503038228
065242 0.9110302925 0.3193100691 0.9380139709 0.3642835021
065285 0.7507910132 0.3679028451 0.7768989801 0.3959429264
065488 0.0494790040 0.3561196327 0.0709635243 0.3867187500
065599 0.5905859470 0.4413906336 0.6006634235 0.4534040093
006599 0.1276879907 0.5537450910 0.1358979940 0.5669247508
066004 0.3813242316 0.4743305743 0.3894624114 0.4816932976
066004 0.8665038943 0.4441035092 0.8738684058 0.4561167061
000662 0.6444336176 0.4278505743 0.6603882909 0.4467048347
066414 0.0633315444 0.3601679802 0.0855700672 0.3901415467
067033 0.3863623142 0.4514663219 0.3956628442 0.4619295299
067226 0.8358886838 0.4537914991 0.8479042649 0.4646422267
067262 0.7670898438 0.4951171875 0.7939453125 0.5244140625
067280 0.6861621141 0.4709345698 0.7382041216 0.5249023438
067396 0.6823095679 0.4240337014 0.6938733459 0.4368832111
067638 0.0962690413 0.3603847623 0.1209605932 0.3889603913
067709 0.6420165896 0.4215654433 0.6574876308 0.4375193417
067763 0.4017441273 0.4447709918 0.4104463458 0.4549234509
067800 0.6482568383 0.4163242280 0.6649606824 0.4362407625
068066 0.3209633827 0.4492187500 0.3339843750 0.4622395933
068353 0.3519531190 0.4328125119 0.3660156131 0.4472656250
068430 0.9161718488 0.4523027241 0.9270918965 0.4619397521
068474 0.1948291063 0.3654858470 0.2209351510 0.3949760199
068493 0.5935986042 0.4001992047 0.6098728776 0.4212622643
068714 0.0575302728 0.4394531250 0.0667156726 0.4534730911
068778 0.4398408234 0.4375156164 0.4526289403 0.4495287538
069103 0.4467988312 0.4774790108 0.4556571245 0.4859048724
069296 0.8544921875 0.3261718750 0.8925781250 0.3662109375
069373 0.3301943243 0.4093203247 0.3519492745 0.4272077978
069483 0.9641162157 0.2623315454 0.9976256490 0.3063725233
069658 0.7107226849 0.3933379054 0.7304842472 0.4133470356
006999 0.2454428673 0.3893227577 0.2539062500 0.4095052183
070027 0.3920751810 0.4452543855 0.4051284194 0.4578241110
070050 0.1721069366 0.4452543855 0.1846766621 0.4592744708
070288 0.5126953125 0.4464287162 0.5250961185 0.4599919319
070386 0.4182514548 0.5017724633 0.4535875916 0.5371093750
070489 0.2818496227 0.4181816280 0.3007039130 0.4370358884
070524 0.3847656250 0.2827148438 0.4360351562 0.3330078125
070661 0.5951220989 0.4409038126 0.6072092056 0.4520229399
070914 0.5705175996 0.4580849707 0.5795127153 0.4690069854
070979 0.3283046782 0.3909399509 0.3482218385 0.4105417430
071017 0.2773437500 0.4867187440 0.2925781310 0.5035156012
071017 0.8132812381 0.4917968810 0.8207031488 0.5070312619
071174 0.5859375000 0.4452353418 0.5962170959 0.4574424326
071208 0.2513920963 0.3973930776 0.2716970742 0.4186649024
007153 0.4119672775 0.4595019519 0.4206979573 0.4675858915
007153 0.8365478516 0.4326626062 0.8417192698 0.4452736676
071807 0.7695312500 0.4036459923 0.7832031250 0.4179687500
071937 0.6713867188 0.4529453218 0.6835937500 0.4664371014
072078 0.3758989275 0.4448784292 0.3886873424 0.4576667845
072089 0.2891137600 0.4972753823 0.3000359833 0.5133377910
072200 0.9306640625 0.4223632812 0.9399414062 0.4355468750
072688 0.3696064353 0.4536811411 0.3789838254 0.4643522501
072771 0.0745273456 0.3572162986 0.1021535620 0.3931950629
072809 0.7749658227 0.3084389567 0.8170250654 0.3509823680
072880 0.7304883003 0.3770883679 0.7556273341 0.4056118727
072960 0.6777929664 0.4046450257 0.6985806227 0.4244662523
072994 0.7853808403 0.4426113367 0.8123445511 0.4773496091
073110 0.7037743926 0.4199218750 0.7154947519 0.4309895933
073489 0.1333085895 0.4483662248 0.1426091343 0.4588293433
073624 0.1875000000 0.4916992188 0.1961335987 0.5014953613
073700 0.9195947051 0.4065136611 0.9401351810 0.4286024272
073802 0.2049497068 0.3642836809 0.2357884347 0.3919099569
073970 0.5510595441 0.4549540877 0.5588107705 0.4630921483
000739 0.7138671875 0.4135742188 0.7241210938 0.4243164062
000073 0.2143554688 0.3354492188 0.2285156250 0.3642578125
074189 0.4429404438 0.4665800929 0.4588291645 0.4840185940
074240 0.6758447289 0.3658232391 0.7045200467 0.3937251866
074243 0.5366210938 0.4443359375 0.5454101562 0.4536132812
074380 0.3630683720 0.4462212026 0.3746712506 0.4592744708
074535 0.7333886623 0.3766049743 0.7565942407 0.3998104930
074553 0.0171383303 0.5135009885 0.0258691888 0.5232035518
074818 0.5526123047 0.4363530278 0.5665612817 0.4495287538
075282 0.3935351670 0.4565913081 0.4016194344 0.4649989605
075514 0.8491210938 0.2934570312 0.8759765625 0.3388671875
075514 0.1914062500 0.4443359375 0.1992187500 0.4550781250
075545 0.1381835938 0.4843750000 0.1499023438 0.4980468750
075711 0.7343505621 0.3154555559 0.7626181841 0.3469366729
075868 0.4353237450 0.4542709887 0.4557293952 0.4768635333
076040 0.7831786871 0.3340874016 0.8133738041 0.3674958944
076122 0.0356522948 0.4305400252 0.0422401838 0.4437158704
076286 0.4138305783 0.4587905407 0.4210819900 0.4660424888
076434 0.2864584923 0.4088540077 0.3027343750 0.4270833433
076521 0.6197803020 0.4210820198 0.6366804838 0.4413679540
076568 0.2971123159 0.4926757812 0.3062117100 0.5019531250
076626 0.9162451029 0.3561577201 0.9641160965 0.4040285647
076876 0.3442138731 0.4848969579 0.3567837477 0.4979501963
076966 0.0000000000 0.4329428673 0.0130208349 0.4687500000
077024 0.5800781250 0.3540039062 0.6098632812 0.3837890625
077147 0.0608413070 0.4301523566 0.0720795915 0.4437159300
077147 0.5661718845 0.4565044045 0.5739235282 0.4658047259
077795 0.8685351610 0.6021435261 0.8780432343 0.6140257120
077988 0.6169384718 0.4255024493 0.6301153302 0.4406157136
078189 0.9502197504 0.4137538970 0.9662829041 0.4349558055
078233 0.3156909049 0.4191484451 0.3321279287 0.4355855584
078441 0.2794765532 0.3842001855 0.2968234718 0.4041169882
078591 0.4306640625 0.4770507812 0.4365234375 0.4838867188
078591 0.0654296875 0.3745117188 0.0922851562 0.4072265625
078624 0.5635351539 0.4270561635 0.5744587779 0.4386205971
078678 0.2766928673 0.3968251944 0.2968440056 0.4177517593
078706 0.6752392650 0.4362407327 0.6829512715 0.4465203583
079126 0.3205253780 0.4375195205 0.3345451653 0.4515393078
079294 0.9076269269 0.2900966704 0.9535845518 0.3350948691
079416 0.7338720560 0.3572670817 0.7652962208 0.3891746700
079464 0.7728955150 0.3938373923 0.7934570312 0.4137541056
079559 0.6435546875 0.4511718750 0.6542968750 0.4707031250
079924 0.6920556426 0.5058593750 0.6992187500 0.5123697519
008012 0.6215918064 0.4444907308 0.6328279972 0.4553416371
080394 0.8310497999 0.5267627239 0.8446317315 0.5442274213
080622 0.1953125000 0.4268833101 0.2049818784 0.4409034550
080622 0.5767529011 0.4467045963 0.5869044065 0.4578241110
080675 0.4203100502 0.4515390694 0.4286330640 0.4616477191
080709 0.5898437500 0.4199218750 0.6031249762 0.4328125119
080765 0.3348212838 0.4317026436 0.3507099748 0.4456535280
081000 0.7036132812 0.3950195312 0.7216796875 0.4125976562
008100 0.7677148581 0.3456645608 0.8001044393 0.3828898370
081264 0.3647558689 0.4407465756 0.3773670495 0.4530344605
081434 0.9521484375 0.6041504145 0.9626116157 0.6173269749
008153 0.0263415035 0.2820468843 0.0578228012 0.3321596682
008153 0.7060791254 0.4227485359 0.7202148438 0.4375256896
081593 0.5673339963 0.6099658012 0.5902003050 0.6332150102
008169 0.6625000238 0.2992187440 0.6894531250 0.3242187500
082216 0.6863086224 0.4483662248 0.6987072229 0.4603794515
082324 0.3631108403 0.4553417861 0.3743489683 0.4661923349
082524 0.2939389646 0.4688794017 0.2981425822 0.4792270362
082524 0.5306396484 0.4633823335 0.5387262106 0.4711429179
008266 0.3650024533 0.4462212026 0.3756381273 0.4573406875
082748 0.4340820312 0.4628906250 0.4467773438 0.4755859375
082748 0.3315429688 0.4741210938 0.3403320312 0.4824218750
083118 0.3853071332 0.4544399381 0.3954594731 0.4660426676
083195 0.1100400388 0.4442299902 0.1165859848 0.4551984370
083195 0.4242387712 0.4528984427 0.4325535297 0.4612134695
000834 0.4472656250 0.3704428673 0.4824218750 0.4029947817
083572 0.7020263672 0.4587275386 0.7130199671 0.4702919424
083632 0.4027109444 0.4602411985 0.4114132226 0.4713605940
008371 0.5812206864 0.4541572332 0.5914861560 0.4638671875
083816 0.8344726562 0.4375000000 0.8540039062 0.4687500000
083879 0.2584789991 0.4390654266 0.2708798349 0.4506913722
083895 0.3355966806 0.4212392569 0.3514850140 0.4375152290
083899 0.9444384575 0.4442651272 0.9592136145 0.4624119103
083944 0.3638857305 0.4534038007 0.3762865663 0.4642547369
084126 0.3032485247 0.3565737307 0.3372995555 0.3951223195
084252 0.0070672361 0.4285312593 0.0167043451 0.4445929229
084252 0.3874126077 0.4471625984 0.3944798410 0.4587271512
084252 0.7497705221 0.3983344734 0.7581208944 0.4201788604
084327 0.3689238429 0.4475913048 0.3801618218 0.4596043825
084374 0.4216679633 0.4656455219 0.4284586906 0.4734064341
084748 0.4021137655 0.4404106438 0.4289214909 0.4739200175
084957 0.4253735244 0.4783959985 0.4351092875 0.4885808229
085447 0.5874023438 0.4218750000 0.6015625000 0.4350585938
085822 0.7054687738 0.4253906310 0.7164062262 0.4371093810
086245 0.1704101562 0.3632812500 0.1933593750 0.3896484375
086335 0.6167968512 0.1902343780 0.6589843631 0.2242187560
086340 0.5893213153 0.4346186519 0.6009243727 0.4471882880
086368 0.2487910092 0.4336401224 0.2569289505 0.4456535280
086368 0.5669482350 0.4491411150 0.5762500763 0.4584417045
086368 0.9250195026 0.4398408234 0.9323846698 0.4522414505
086506 0.1832265556 0.4288173914 0.2011138648 0.4462213814
086596 0.6603906155 0.4027109444 0.6797261834 0.4234993756
086658 0.7573144436 0.3494560421 0.7927389741 0.3858379424
087231 0.2204516530 0.3964262605 0.2402730435 0.4176979959
087288 0.4904199243 0.4727182686 0.5015072823 0.4841959476
087338 0.9709472656 0.4434750974 0.9801025391 0.4534627795
087513 0.9440087676 0.5878515840 0.9622012973 0.6146599054
087531 0.1426293999 0.3276625872 0.1670435965 0.3533614278
087685 0.5419433713 0.4471884668 0.5506458879 0.4554068744
087862 0.5920410156 0.4402856529 0.6045255065 0.4533247650
087959 0.0899970680 0.3169043064 0.1139322743 0.3465839326
087970 0.5422656536 0.4423539937 0.5500013828 0.4544399977
088140 0.3085937500 0.4231772423 0.3248697817 0.4394531250
088211 0.1980253905 0.4689047933 0.2174015641 0.4878937006
088267 0.3274585009 0.4255024493 0.3456721306 0.4417782724
088472 0.9001074433 0.4079716802 0.9135999084 0.4240337014
088663 0.3867446184 0.4336323142 0.3964455426 0.4446269572
088732 0.3320312500 0.4052734375 0.3471679688 0.4218750000
008897 0.7124023438 0.4965820312 0.7202148438 0.5043945312
089092 0.7034130692 0.3785390556 0.7232363820 0.4017442763
089304 0.8958349824 0.4791665077 0.9055989981 0.4947916567
089545 0.2450981438 0.4040288031 0.3063725531 0.4748774469
008961 0.3688701093 0.4771621227 0.3795057237 0.4931157231
089739 0.0076593263 0.4260493219 0.0449984856 0.4710477889
089780 0.2158715874 0.4086142480 0.2396433055 0.4343133271
089860 0.2336772531 0.4026381969 0.2534412146 0.4255022407
090013 0.0815942362 0.3585014641 0.0982987285 0.3816303313
090013 0.5692334175 0.4304584861 0.5788702369 0.4426654875
090326 0.0488281250 0.4554067254 0.0589805171 0.4660426676
090426 0.1297797859 0.3662109375 0.1509795934 0.3944801688
090444 0.6555517316 0.4375195205 0.6676399708 0.4510558546
090495 0.6116357446 0.4407382905 0.6244860291 0.4555149972
090520 0.5762353539 0.4520644546 0.5862609148 0.4637055099
091027 0.8472753763 0.5129736066 0.8544899821 0.5193554759
091075 0.2871865332 0.4580849707 0.3045333028 0.4857113361
091084 0.6677050591 0.4317026436 0.6878565550 0.4510791004
091200 0.4185268581 0.4685175717 0.4266647995 0.4770430028
091207 0.7485351562 0.4526367188 0.7607421875 0.4653320312
091213 0.5825536847 0.4409033060 0.5927057862 0.4529896379
091261 0.3627231419 0.4514663219 0.3716362715 0.4596043825
091399 0.4012607336 0.4563735425 0.4118966758 0.4655592144
091559 0.2569291890 0.4743300676 0.2712673843 0.4894436598
091574 0.1416972727 0.3781787157 0.1704197228 0.4069010317
091618 0.9176757932 0.4882617295 0.9291658401 0.5045385361
091683 0.6415331960 0.4172143638 0.6570041776 0.4341351986
091731 0.5985058546 0.4404199123 0.6115601659 0.4520227611
091767 0.5835205317 0.4370361269 0.5927057862 0.4471882880
091792 0.6420165896 0.4263999164 0.6560373306 0.4413869083
091814 0.1386718750 0.4584960938 0.1450195312 0.4677734375
091961 0.6231396198 0.4107763767 0.6370907426 0.4282148778
092152 0.3773437440 0.4445312619 0.3894531131 0.4574218690
009231 0.0585937500 0.1591796875 0.1108398438 0.2368164062
092399 0.4417783320 0.4716176689 0.4592168331 0.4894438386
009242 0.7343505621 0.3964072168 0.7523386478 0.4137541056
092435 0.6077831984 0.4375258684 0.6206311584 0.4503751993
092572 0.2387695312 0.3906250000 0.2592773438 0.4125976562
092777 0.3758481443 0.4362407327 0.3906250000 0.4510176182
092853 0.8164062500 0.4653320312 0.8310546875 0.4863281250
093127 0.4045756757 0.4607670903 0.4138764739 0.4696800709
093194 0.2903989255 0.4066870213 0.3103159666 0.4298160076
093265 0.5777197480 0.4111547768 0.5927057862 0.4272457063
093332 0.0231291018 0.3366572261 0.0513980463 0.3707082570
093350 0.0623647459 0.4273671806 0.0720335916 0.4394531250
093350 0.5608007908 0.4607246220 0.5685334802 0.4694266617
093443 0.4360688329 0.4587910175 0.4452354014 0.4670795500
093504 0.4302978516 0.4666416049 0.4364013672 0.4730224609
009356 0.0434027836 0.4479785264 0.0503782220 0.4565041959
009356 0.7215722799 0.2937436402 0.7421100140 0.3414093256
093610 0.7295507789 0.2824370265 0.7486978769 0.3331801891
093752 0.5678271651 0.4514174759 0.5759131908 0.4591784179
009389 0.3673427701 0.4452739358 0.3806006908 0.4578849077
009397 0.5512450933 0.4278886616 0.5718053579 0.4760742188
094200 0.7362744212 0.3681381941 0.7645456791 0.3970497549
094287 0.7072802782 0.3601679802 0.7377398014 0.3944925666
094307 0.4283339977 0.2156171948 0.4462213814 0.2779819369
094307 0.8644043207 0.4485073388 0.8735883236 0.4604723155
094598 0.5680517554 0.4534731507 0.5767520070 0.4631420374
094958 0.0835219696 0.4869960845 0.0918739736 0.5004882812
094966 0.7159863114 0.3819228411 0.7343556881 0.4027109742
095018 0.3728398383 0.4365429580 0.3835109770 0.4498008192
095135 0.7368164062 0.4770507812 0.7500000000 0.4941406250
095500 0.3286210895 0.4348027408 0.3410218358 0.4491220713
095714 0.2175512761 0.3853071332 0.2393061519 0.4085125625
096053 0.4210820198 0.4583076239 0.4288172722 0.4665261209
096069 0.6173632741 0.4351020455 0.6304146051 0.4481551647
096439 0.3220717907 0.4553417861 0.3301556706 0.4654172957
096461 0.3617168069 0.4727338850 0.3794503808 0.4911963344
096461 0.4864970744 0.4871459901 0.4903903306 0.4908769727
009652 0.3978764713 0.4612080157 0.4089959860 0.4737778306
009662 0.8053271770 0.4767744243 0.8232123256 0.4990128279
096661 0.3712485433 0.4375156164 0.3844245970 0.4522414505
096688 0.5878759623 0.4394531250 0.5998883843 0.4526289403
096895 0.0000000000 0.3071035147 0.0648899302 0.4355981350
097030 0.8702880740 0.4308364391 0.8990104198 0.4729624391
097426 0.6998681426 0.4425532222 0.7118830681 0.4545665979
097496 0.6539160013 0.4212622046 0.6692325473 0.4423253834
097536 0.9272509813 0.4317177832 0.9403039813 0.4496055245
097620 0.0512695312 0.5375976562 0.0688476562 0.5585937500
097673 0.8243359327 0.3063725531 0.8511412740 0.3504136205
097707 0.3483071327 0.4322915077 0.3619791567 0.4446614683
097727 0.5757861137 0.4539565444 0.5854540467 0.4616917074
097737 0.0957412124 0.2383959889 0.1359528303 0.2987133861
097737 0.9459228516 0.3331801891 0.9727328420 0.3695618510
097779 0.0976562500 0.4538144469 0.1282934994 0.4825367630
097779 0.3753061593 0.4394531250 0.4078584611 0.4777497053
098018 0.3379672766 0.4155175686 0.3533614278 0.4298160076
009823 0.2809555531 0.4092260599 0.2879309058 0.4247272015
009823 0.5743114948 0.4468159080 0.5808996558 0.4572792351
009823 0.9246338010 0.4324775338 0.9319971800 0.4441034198
098340 0.3058183491 0.4098994136 0.3243186176 0.4275235236
009854 0.7285546660 0.4288173914 0.7411239147 0.4442875981
098551 0.8068749905 0.4587910175 0.8160581589 0.4694271088
098619 0.3427543938 0.4247392714 0.3609451652 0.4419727921
098790 0.5621679425 0.4266035259 0.5756593943 0.4433079660
009952 0.3793867230 0.4348027408 0.3914000392 0.4475911558
