010063 0.7226562500 0.3735351562 0.7534179688 0.4042968750
001012 0.2592773438 0.3671875000 0.3017578125 0.4101562500
011294 0.3821616173 0.1764321327 0.4576821327 0.2389321327
001301 0.7504882812 0.4370117188 0.7714843750 0.4614257812
013919 0.6692333817 0.4633886814 0.6807214618 0.4739200175
014012 0.3292270601 0.4471884668 0.3446975648 0.4602413476
014331 0.3842773438 0.3764648438 0.4145507812 0.4042968750
014397 0.5533837676 0.3007812500 0.5963541269 0.3437498510
014776 0.3190102577 0.3932290077 0.3522135317 0.4257812500
017956 0.4576821327 0.3886718750 0.4856770933 0.4160156250
021290 0.1044921875 0.2255859375 0.1596679688 0.2744140625
022428 0.9580078125 0.3798828125 0.9916992188 0.4267578125
022545 0.7675781250 0.3605468869 0.8027343750 0.3933593631
025555 0.4985351562 0.2983398438 0.5537109375 0.3520507812
025722 0.3761718869 0.2785156369 0.4199218750 0.3246093690
028006 0.4787070453 0.4183901250 0.5026424527 0.4388982356
028617 0.9342480302 0.2675781250 0.9710417390 0.3095703125
031262 0.9507129192 0.3925400376 0.9708180428 0.4183899760
003236 0.3899741173 0.3932290077 0.4069010317 0.4121093750
003236 0.6608056426 0.4140625000 0.6731771231 0.4303385317
032691 0.2213540077 0.4485678673 0.2376302183 0.4674479067
035769 0.4615883827 0.3072915077 0.5091146231 0.3502604067
037836 0.2734375000 0.3281250000 0.2984375060 0.3667968810
000394 0.7141943574 0.3587241173 0.7382812500 0.3841145933
041460 0.6549462676 0.3932290077 0.6738281250 0.4127604067
046989 0.7558593750 0.4531250000 0.7903646231 0.4921875000
047292 0.2107827216 0.4128637612 0.2315709889 0.4360689819
049902 0.5332031250 0.3828125000 0.5572916269 0.4082031250
053944 0.0718749985 0.2257812470 0.1277343780 0.2917968631
054022 0.6176757812 0.3745117188 0.6474609375 0.4038085938
054869 0.5551757812 0.3554687500 0.5883789062 0.3886718750
055437 0.6352539062 0.3583984375 0.6557617188 0.3779296875
055878 0.4819965959 0.4346186519 0.4989171028 0.4515393078
057708 0.0214843750 0.3925781250 0.0351562500 0.4140625000
058281 0.5618506074 0.1660156250 0.6510415077 0.2395834923
058281 0.4986962974 0.4355468750 0.5071614981 0.4440104067
058771 0.3530273438 0.4096679688 0.3813476562 0.4379882812
059347 0.1139321253 0.2239584923 0.1777343750 0.2936196327
062713 0.5029296875 0.3583984375 0.5415039062 0.3959960938
063398 0.3491210938 0.3417968750 0.3808593750 0.3730468750
068158 0.5003906488 0.3613281250 0.5332031250 0.3953124881
068268 0.3365883827 0.3391928673 0.3671875000 0.3704427183
068268 0.9641943574 0.3776040077 0.9830728769 0.4003906250
069264 0.2460556626 0.3552006781 0.2652037740 0.3925398290
072694 0.3248696327 0.3828125000 0.3496093750 0.4095052183
077280 0.6476562619 0.4214843810 0.6644531488 0.4414062500
079694 0.3157553673 0.3613281250 0.3522135317 0.3984375000
080124 0.0908203125 0.3349609375 0.1333007812 0.3774414062
080124 0.5830078125 0.4135742188 0.5976562500 0.4282226562
080124 0.6411132812 0.4296875000 0.6484375000 0.4443359375
008022 0.5423193574 0.3326821327 0.5833349824 0.3717447817
080494 0.4897460938 0.3110351562 0.5324246883 0.3481445312
081167 0.2568359375 0.3623046875 0.2924804688 0.3999023438
084586 0.4875000119 0.2710937560 0.5421875119 0.3222656250
086066 0.5718896389 0.4388022423 0.5804045200 0.4479168355
086184 0.1967773438 0.3896484375 0.2202148438 0.4165039062
089987 0.6606152058 0.4700903296 0.6682751179 0.4796645045
090940 0.6014843583 0.4549208879 0.6097154021 0.4635888636
092923 0.2045898438 0.5019531250 0.2651367188 0.5625000000
097383 0.2675781250 0.3033852577 0.2968750000 0.3867187500
