001012 0.3623046875 0.2500000000 0.4086914062 0.2929687500
001113 0.2799477577 0.4973974526 0.3059895933 0.5227881074
001301 0.7968750000 0.3813476562 0.8168945312 0.4028320312
013119 0.6013574004 0.4831416011 0.6129214764 0.4959909618
014776 0.6152343750 0.4446616173 0.6497396231 0.4778645933
014966 0.1018598601 0.4805205166 0.1484243125 0.5384028554
017806 0.7659326196 0.4739204049 0.8339077234 0.5438115001
001845 0.7749999762 0.3589843810 0.8023437262 0.3878906369
018509 0.3899741173 0.4785156250 0.4036458433 0.4986979067
024143 0.0253906250 0.3059897423 0.1093750000 0.4088540077
028172 0.4846743047 0.4882812500 0.4952169359 0.4985462427
028425 0.6321631074 0.3802084923 0.6790381074 0.4231778383
029273 0.7949218750 0.4472656250 0.8333349824 0.4869791567
003178 0.0258789062 0.4780273438 0.0415039062 0.4985351562
033029 0.0415039062 0.4658203125 0.0678710938 0.5004882812
036273 0.6533984542 0.4837836921 0.6739566326 0.5062705278
037038 0.5443603396 0.4815131724 0.5724010468 0.5090695024
038254 0.4953271449 0.4853662252 0.5069865584 0.4970265627
040101 0.9219921827 0.4892382920 0.9842216969 0.5466836095
040491 0.7298193574 0.4153647423 0.7584635019 0.4446614683
042372 0.5898437500 0.4425781369 0.5992187262 0.4531250000
042372 0.5078125000 0.4753906131 0.5175781250 0.4890624881
042372 0.5980468988 0.4734374881 0.6113281250 0.4867187440
004442 0.3666957915 0.4643520415 0.3812473118 0.4792267978
044754 0.6061181426 0.4518227577 0.6308593750 0.4752604067
046994 0.6865234375 0.4838867188 0.7045898438 0.5039062500
048607 0.4857109487 0.4863539934 0.5146225095 0.5756577253
051551 0.3157553673 0.3437500000 0.3430989683 0.3704427183
053772 0.7948144674 0.5099804401 0.8700000048 0.5894252658
055540 0.3666992188 0.5048828125 0.3769531250 0.5175781250
005672 0.8385400176 0.4466147423 0.8613281250 0.4713541567
058771 0.4189453125 0.3339843750 0.4472656250 0.3613281250
059662 0.7610693574 0.4524741173 0.7916666269 0.4830729067
061960 0.8190087676 0.4700522423 0.8483072519 0.5045572519
062540 0.3094604611 0.4818139672 0.3375934660 0.5112400651
063702 0.7192382812 0.4526367188 0.7460937500 0.4785156250
064120 0.5964794755 0.4824550748 0.6059126258 0.4929977059
064226 0.6067724824 0.4824218750 0.6178385019 0.4941406250
069570 0.7220068574 0.4654946327 0.7766928673 0.5208334923
083528 0.6621093750 0.4755859375 0.6787109375 0.4926757812
084617 0.5483398438 0.3886718750 0.5668945312 0.4072265625
084859 0.8695312738 0.2492187470 0.9250000119 0.3136718869
085685 0.9360351562 0.4775390625 0.9545898438 0.4970703125
086942 0.5808984637 0.4851811528 0.6010500789 0.5049448013
088999 0.3818359375 0.4604492188 0.4082031250 0.4873046875
089453 0.7441406250 0.4672851562 0.7636718750 0.4873046875
091514 0.8589892387 0.4612973630 0.9097436666 0.5152651072
096055 0.6816406250 0.4830727577 0.7037760019 0.5045572519
096062 0.2211914062 0.4238281250 0.2700195312 0.4829101562
