010191 0.5800781250 0.4635415077 0.5911458731 0.4765625000
010375 0.8040381074 0.3391928673 0.8496093750 0.3873696327
011229 0.3013207912 0.4792866111 0.3103155792 0.4947060049
011625 0.6152343750 0.4583334923 0.6425781250 0.4850260317
014240 0.0052083498 0.4524741173 0.0312500000 0.4785157740
016814 0.8411474824 0.5032568574 0.8678385019 0.5292968750
020516 0.6533203125 0.4023437500 0.6777343750 0.4272460938
020982 0.7001953125 0.4960937500 0.7138671875 0.5146484375
020982 0.3212890625 0.4970703125 0.3374023438 0.5131835938
023384 0.3974609375 0.4663085938 0.4150390625 0.4838867188
025886 0.1809897423 0.4837241173 0.2141927183 0.5286458731
028134 0.9472656250 0.3873696327 0.9869791269 0.4414062500
030328 0.4003906250 0.3422851562 0.4316406250 0.3715820312
031229 0.1625463814 0.4709345698 0.1908152848 0.5030581951
031583 0.6601562500 0.4765625000 0.6770768762 0.4941406250
032942 0.0161132812 0.3774414062 0.0375976562 0.4038085938
003304 0.8816406131 0.3128906190 0.9132812619 0.3531250060
035551 0.1175727546 0.4780014753 0.1355622113 0.4966334403
040461 0.5185546875 0.3466796875 0.5541992188 0.3842773438
048562 0.6489257812 0.4218750000 0.6738281250 0.4448242188
050505 0.7546874881 0.3507812619 0.7800781131 0.3777343631
051389 0.6556006074 0.4303383827 0.6829427481 0.4576822817
054531 0.6767578125 0.4536132812 0.6962890625 0.4736328125
054844 0.2158715874 0.4805717766 0.2280787528 0.4940635264
057267 0.1906249970 0.3640624881 0.2171874940 0.3964843750
065428 0.6416015625 0.4355468750 0.6586914062 0.4545898438
008099 0.6523437500 0.4537758827 0.6835937500 0.4837239683
083528 0.5488281250 0.3554687500 0.5712890625 0.3779296875
084669 0.0185546875 0.3867187500 0.0561523438 0.4350585938
085481 0.6917968988 0.3824218810 0.7117187381 0.4039062560
088853 0.2717670798 0.4799292088 0.2916837931 0.5101253986
009223 0.6634131074 0.4114584923 0.6914062500 0.4407552183
