012552 0.5709618926 0.3365883827 0.6002603769 0.3671875000
013083 0.8470068574 0.4583334923 0.8828125000 0.4947916567
000013 0.9033203125 0.4531250000 0.9204101562 0.4687500000
000013 0.6723632812 0.4819335938 0.6860351562 0.4936523438
015237 0.5716015697 0.4797558486 0.5816751719 0.4921565056
016842 0.3925781250 0.4589843750 0.4243164062 0.4858398438
018397 0.8266943097 0.4539565444 0.8382974863 0.4665261209
018667 0.4277343750 0.4303383827 0.4433593750 0.4446614683
020566 0.7583886981 0.4448784292 0.7723387480 0.4588294923
021427 0.6508789062 0.3828125000 0.6796875000 0.4086914062
022312 0.5287548900 0.4034745991 0.5512438416 0.4233912528
026242 0.5240868926 0.2845053673 0.5703108907 0.3255208433
028195 0.3268227577 0.4114584923 0.3444010317 0.4296875000
030178 0.6780956984 0.4953955114 0.6913545132 0.5080065727
031524 0.5698486567 0.4610927701 0.5856600404 0.4746872187
032920 0.2949218750 0.4365234375 0.3188476562 0.4570312500
033127 0.7020605206 0.4565659165 0.7151154876 0.4681684673
003447 0.6528320312 0.4375000000 0.6640625000 0.4482421875
035507 0.5700488091 0.4673549831 0.5828372836 0.4813058078
003629 0.8310449123 0.4665263593 0.8687538505 0.5037515759
037145 0.4192709923 0.2604165077 0.4778647423 0.3098959923
039565 0.6459960938 0.4780273438 0.6650390625 0.4931640625
040458 0.7020263672 0.4734062552 0.7233676910 0.4963653684
041129 0.7661377192 0.4514663219 0.7742719054 0.4607670009
041141 0.6972656250 0.3235678673 0.7369791269 0.3626302183
042818 0.3790605366 0.4458779395 0.3996202052 0.4760742188
042829 0.5620117188 0.4672851562 0.5849609375 0.4882812500
043136 0.7600488067 0.4291733503 0.7857472897 0.4555149972
044151 0.3893227577 0.3886718750 0.4153645933 0.4127604067
046490 0.4401040077 0.3600258827 0.4602864683 0.3808593750
047273 0.1276040077 0.3867187500 0.1588541567 0.4173177183
048586 0.6992187500 0.2324218750 0.7662743926 0.2942709923
053912 0.9016943574 0.4811196327 0.9329427481 0.5110677481
054085 0.7102881074 0.4055991173 0.7278646231 0.4238281250
057153 0.7416992188 0.3515625000 0.7685546875 0.3779296875
057526 0.2592773438 0.4331054688 0.3227539062 0.4946289062
060522 0.6518164277 0.4689047933 0.6607297659 0.4774305522
060637 0.8901367188 0.4565429688 0.9418945312 0.5063476562
061231 0.7910156250 0.3730468750 0.8118489981 0.3984375000
061956 0.5863232613 0.4793681502 0.6029886007 0.4956442416
063915 0.6772412062 0.4329677820 0.7179710269 0.4723184705
067855 0.5308251977 0.3712871075 0.5632227063 0.3983597755
007092 0.8639306426 0.4576821327 0.8912760019 0.4817706943
071597 0.8332909942 0.3379418850 0.9200249314 0.4208212793
074070 0.9079150558 0.4607246220 0.9243615866 0.4766785204
076900 0.7440234423 0.4771621227 0.7517550588 0.4858640134
078589 0.7773437500 0.4218750000 0.8046875000 0.4458007812
080471 0.6962890625 0.4848632812 0.7065429688 0.4956054688
081455 0.6556006074 0.2447915077 0.7174477577 0.2994790077
084289 0.8735351562 0.4316406250 0.9877929688 0.5595703125
008714 0.6770849824 0.2141928673 0.7434868217 0.2701821327
088185 0.5089746118 0.4918359518 0.5222345591 0.5047728419
090633 0.6790381074 0.4335937500 0.6894531250 0.4453125000
091569 0.7235107422 0.4611542821 0.7312600613 0.4696800709
094761 0.6575537324 0.3847656250 0.6835937500 0.4127604067
094825 0.6868506074 0.4121093750 0.7011718750 0.4257811010
094833 0.5755224824 0.3287758827 0.6139322519 0.3626302183
098157 0.6191406250 0.4614257812 0.6513671875 0.4892578125
098318 0.6243506074 0.4830727577 0.6354166269 0.4921875000
098882 0.4980468750 0.3203125000 0.5358072519 0.3567709923
