010291 0.8204394579 0.4876386821 0.8384293318 0.5094830394
011381 0.5813818574 0.3502602577 0.6087239981 0.3795572817
012229 0.6606445312 0.4926757812 0.6796875000 0.5087890625
015645 0.6312060356 0.4129370153 0.6509333849 0.4313688576
015702 0.5932617188 0.4550781250 0.6152343750 0.4741210938
016065 0.1635742188 0.4399414062 0.2089843750 0.4877929688
016570 0.6408691406 0.3967285156 0.6694446802 0.4228073657
018071 0.4609375000 0.2001953125 0.5131835938 0.2402343750
018885 0.0436883308 0.3565737307 0.0687448755 0.3893400431
020637 0.7165820599 0.3475981355 0.7585343122 0.3853070736
021298 0.5283203125 0.4189453125 0.5419921875 0.4306640625
002182 0.4390625060 0.4714843631 0.4539062381 0.4871093631
022696 0.7272802591 0.4651523530 0.7484837174 0.4876387715
024661 0.7022265792 0.4355981350 0.7150750756 0.4490902424
025200 0.0683593750 0.3779296875 0.1757812500 0.4746093750
025421 0.7275781035 0.4848632812 0.7435397506 0.4998458028
002624 0.9566454887 0.3713505864 0.9836315513 0.4021893442
027009 0.0000000000 0.0755209997 0.0625000000 0.1660156250
029178 0.4817709923 0.4023437500 0.5045572519 0.4225260317
029859 0.5242578387 0.4426655173 0.5390368104 0.4561574757
031755 0.7760400176 0.3971352577 0.7949218750 0.4179687500
032565 0.4291733503 0.4715766609 0.4516606927 0.5056280494
032733 0.7002978325 0.4683647454 0.7581205964 0.5236172080
033160 0.1271464825 0.4728110433 0.1440671384 0.4906984866
033981 0.9103320241 0.3824062645 0.9340289831 0.4070622027
033981 0.9403027296 0.4607246220 0.9601199031 0.4810295403
034771 0.7200537324 0.2942709923 0.7662776113 0.3430989683
034867 0.5195312500 0.3782553673 0.5449218750 0.4029947817
034867 0.6979150176 0.4700522423 0.7161458731 0.4863281250
034974 0.0822368190 0.1464843750 0.1451992244 0.2428554744
036107 0.5143212676 0.4153647423 0.5345052481 0.4335937500
036455 0.4479165077 0.4798178673 0.4583333433 0.4902342260
036756 0.6367187500 0.1178383753 0.6914062500 0.1595052183
036966 0.5253906250 0.3170571327 0.5670556426 0.3515625000
036966 0.7806006074 0.4641928673 0.8046875000 0.4850260317
037028 0.6763427854 0.3824062645 0.7034150958 0.4080287516
037145 0.4804687500 0.2649741173 0.5332031250 0.3092447817
037281 0.5351562500 0.3756508827 0.5611978769 0.3971354067
037771 0.7943017483 0.4858642519 0.8049389124 0.4969832897
038078 0.8329492211 0.4432827234 0.8693321347 0.4854089916
038371 0.8343750238 0.4609375000 0.8515625000 0.4765625000
038530 0.7725488544 0.4162475467 0.7914075255 0.4341351986
039475 0.8184765577 0.4060952067 0.8363672495 0.4259164631
039475 0.8440966606 0.4679765701 0.8619841933 0.4829633236
039663 0.5295751691 0.4387241304 0.5434242487 0.4523282349
040935 0.6487841606 0.4520229399 0.6589379907 0.4612082541
041154 0.5447704792 0.2900966704 0.6022182703 0.3389246166
041562 0.7028661966 0.4600121975 0.7343493104 0.4895662069
042136 0.0668173805 0.4375258684 0.1169301793 0.4953486323
045050 0.6621093750 0.3881835938 0.6811523438 0.4033203125
045973 0.6826171875 0.4677734375 0.7026367188 0.4848632812
046360 0.5371093750 0.3535156250 0.5690119863 0.3821614683
048796 0.6014062762 0.4863539934 0.6142063737 0.5013352036
050075 0.6359277368 0.4557290077 0.6440662146 0.4638671875
050116 0.8085937500 0.4264321327 0.8515592813 0.4694010317
005288 0.5065087676 0.3997397423 0.5305989981 0.4205729067
054608 0.8584570289 0.4550781250 0.8705989718 0.4683725238
005512 0.5557422042 0.3848427832 0.5827243924 0.4079718292
056576 0.4876303673 0.4147133827 0.5045574307 0.4309895933
057064 0.8085937500 0.4916992188 0.8227539062 0.5039062500
057153 0.8852539062 0.4096679688 0.9072265625 0.4301757812
005773 0.7828124762 0.3874999881 0.8058593869 0.4078125060
057768 0.5438769460 0.4167309701 0.5641792417 0.4336517453
005841 0.7172851562 0.4501953125 0.7436523438 0.4716796875
059242 0.3626303673 0.4479165077 0.4003906250 0.4811197817
059252 0.6282568574 0.2630209923 0.6783852577 0.3138022423
005970 0.5792968869 0.3089843690 0.6207031012 0.3457031250
060801 0.3667968810 0.4617187381 0.3835937381 0.4773437381
062025 0.5327587724 0.4539565444 0.5404934883 0.4621751606
062725 0.5878906250 0.3854165077 0.6119791269 0.4069010317
063574 0.6395996213 0.4597578049 0.6502298117 0.4689433575
063915 0.6764550805 0.4722153246 0.7179777622 0.5112780333
006444 0.7527245879 0.4201152325 0.7691460252 0.4360689819
064497 0.7025830150 0.4615419805 0.7285466194 0.4875062108
064626 0.5384960771 0.4444467723 0.5507071018 0.4544344842
065016 0.4967431724 0.3717446327 0.5247396231 0.3971354067
065465 0.7227832079 0.4510175884 0.7574784160 0.4850688875
066019 0.7367724776 0.4868310690 0.7696472406 0.5100363493
066398 0.8352881074 0.3912758827 0.8665364981 0.4244788587
066398 0.8736962676 0.4785156250 0.8932291269 0.4993489683
067791 0.0815947279 0.4825009704 0.1117906719 0.5204049945
068054 0.6116357446 0.4805717766 0.6476163864 0.5107680559
069425 0.6308887005 0.4751054645 0.6463913321 0.4909939468
071017 0.5554687381 0.4882812500 0.5652343631 0.4984374940
007268 0.7551416159 0.4868310690 0.7688491940 0.5022321343
073224 0.0537109375 0.4194335938 0.0830078125 0.4497070312
073838 0.4765625000 0.2250976562 0.5356445312 0.2744140625
074722 0.1655273438 0.4355468750 0.1875000000 0.4560546875
075881 0.0058013671 0.4761953056 0.0198213384 0.4902150333
076474 0.0372023918 0.4836308658 0.0465029776 0.4948692024
079332 0.3571157157 0.5170019269 0.4250918031 0.6548711061
079939 0.0558593757 0.4242187440 0.1265625060 0.4976562560
081949 0.6578955054 0.4670795798 0.6816663146 0.4882812500
082461 0.3515625000 0.4537758827 0.3723958433 0.4720052183
082461 0.5833349824 0.4583334923 0.6048177481 0.4765625000
086716 0.6893749833 0.4182514548 0.7497685552 0.4786440432
087068 0.9042968750 0.4453125000 0.9462890625 0.5087890625
008783 0.7075195312 0.4643554688 0.7172851562 0.4736328125
087919 0.4088540077 0.2858071327 0.4615883827 0.3307291567
088333 0.6162109375 0.4501953125 0.6323242188 0.4643554688
088546 0.6797265410 0.4573408067 0.7067992091 0.4853805602
089637 0.4114584923 0.4667968750 0.4251302183 0.4772135317
089637 0.5501318574 0.4700522423 0.5611978769 0.4811197817
090411 0.2447832078 0.3199526370 0.2672701180 0.3687807620
090420 0.2029716820 0.3647749126 0.3791362345 0.5294501781
090648 0.5598974824 0.3730468750 0.6074218750 0.4127602577
090723 0.2281250060 0.4667968750 0.2374999970 0.4749999940
091281 0.8233105540 0.4302675724 0.8697207570 0.4752281606
091876 0.6217138767 0.4708769619 0.6391166449 0.4873143435
092536 0.4186196327 0.4654946327 0.4394529760 0.4856772423
092707 0.8618164062 0.4121093750 0.9213867188 0.4721679688
093443 0.5317919850 0.3893398345 0.5535466075 0.4094792604
093709 0.5755224824 0.1803383827 0.6497397423 0.2350258827
093747 0.5553368926 0.2044272423 0.6282553673 0.2610678673
093783 0.1640625000 0.4340820312 0.1782226562 0.4545898438
093877 0.8454980254 0.4317436516 0.8936831951 0.4882812500
094455 0.6643213034 0.4529453218 0.6739566326 0.4625822306
094833 0.5338525176 0.3255209923 0.5735677481 0.3619791567
094893 0.6259765625 0.4975585938 0.6401367188 0.5097656250
096011 0.5269579887 0.4510556757 0.5380762815 0.4607248008
097378 0.6647118926 0.4750976562 0.6835937500 0.4954427183
009902 0.0000000000 0.4641928673 0.0319010243 0.5052083731
