013027 0.2643227577 0.4212241173 0.2884114683 0.4459635317
013627 0.6204443574 0.4804687500 0.6321614981 0.4915364683
013917 0.3450522423 0.4459633827 0.3554687500 0.4550781250
014157 0.2290273458 0.4731679559 0.2429779321 0.4890562892
014823 0.5767089725 0.4477123916 0.5871545672 0.4588872194
017805 0.5371093750 0.4401821196 0.5463405848 0.4501420856
018925 0.5979638696 0.4360918105 0.6114115715 0.4500681162
022693 0.1209077165 0.4518539906 0.1406716853 0.4824685454
022904 0.8012256026 0.3448486328 0.8370139003 0.3809147477
022974 0.5936718583 0.4355854392 0.6062422991 0.4476717412
024205 0.9229003787 0.4587910175 0.9417542815 0.4887648523
024993 0.5550830364 0.4355659187 0.5696614981 0.4503848255
028320 0.0925166011 0.3912675679 0.1047234833 0.4111842215
031336 0.6312792897 0.4053510725 0.6529774666 0.4251146913
031493 0.6370361447 0.4762768447 0.6453088522 0.4853612781
031998 0.4597578049 0.4181816280 0.4728109241 0.4336519539
034726 0.5292968750 0.4882812500 0.5403646231 0.4986979067
038587 0.5279638767 0.4392583072 0.5425563455 0.4526814520
040308 0.9110693336 0.4394531250 0.9207589626 0.4518539011
043380 0.1191406250 0.5078125000 0.1375000030 0.5308593512
046070 0.2796874940 0.4519531131 0.3011718690 0.4738281369
046070 0.0808593780 0.4554687440 0.0976562500 0.4749999940
049537 0.0013020850 0.4296875000 0.0234374851 0.4615885317
005081 0.6855273247 0.4723276496 0.7053477764 0.4916664064
052511 0.6713867188 0.3636411130 0.7015817761 0.3925524354
054930 0.7005224824 0.4817709923 0.7109375000 0.4921875000
056455 0.9692382812 0.4487304688 0.9868164062 0.4677734375
058781 0.5914990306 0.4537914991 0.6183085442 0.4815566838
062019 0.7099609375 0.4599609375 0.7236328125 0.4750976562
063144 0.2675781250 0.3769531250 0.2864583433 0.4166666567
064371 0.7877587676 0.4921875000 0.8138021231 0.5188802481
064412 0.7648144364 0.4080292881 0.7817334533 0.4249497056
064499 0.2604165077 0.3504135609 0.2881816924 0.3781786263
065138 0.6560351849 0.4457377791 0.6657062173 0.4568572342
065179 0.5801367164 0.3103730381 0.6236463189 0.3509823680
006567 0.1708984375 0.4506835938 0.1875000000 0.4677734375
069413 0.2844091654 0.4780092835 0.2951085865 0.4900318980
071839 0.5283544660 0.4089111388 0.5530588627 0.4328389764
072108 0.5929150581 0.4580537081 0.6006622910 0.4669672251
074020 0.6084228754 0.4844262600 0.6225585938 0.4972759187
074446 0.6238281131 0.4605468810 0.6363281012 0.4746093750
076677 0.6213427782 0.4196103513 0.6382656693 0.4382857382
079688 0.1596679688 0.4394531250 0.1879882812 0.4692382812
079924 0.7200537324 0.4739584923 0.7337256074 0.4876302183
084287 0.0078125000 0.4589843750 0.0338541493 0.4889322817
089239 0.0976562500 0.4652807713 0.1120174825 0.4796418548
091739 0.7753906250 0.4368491173 0.8059896231 0.4687500000
009180 0.9648437500 0.4746093750 0.9733072519 0.4902343750
092478 0.8281445503 0.4399365187 0.8363629580 0.4515393078
092853 0.9497070312 0.4301757812 0.9648437500 0.4575195312
093103 0.9492187500 0.4895849526 0.9889322519 0.5319010019
009399 0.6102734208 0.4485375881 0.6198419333 0.4590816796
094206 0.5146337748 0.4580541849 0.5235459805 0.4681299925
094686 0.5221337676 0.4524868131 0.5318569541 0.4626027346
095561 0.7086865306 0.4793325067 0.7207474709 0.4923664629
098677 0.9150390625 0.3437500000 0.9677734375 0.4052734375
