011403 0.7006835938 0.4199218750 0.7412109375 0.4584960938
011623 0.3452148438 0.4487304688 0.3579101562 0.4619140625
013143 0.6499023438 0.5341796875 0.6835937500 0.5698242188
016366 0.2604165077 0.4225258827 0.2988281250 0.4641927183
016840 0.5874023438 0.3833007812 0.6142578125 0.4096679688
017638 0.9368506074 0.3671875000 0.9674478769 0.3971354067
017655 0.4829101562 0.3813476562 0.5053710938 0.4042968750
017971 0.8808593750 0.5638037324 0.9199218750 0.6145834923
018024 0.2441406250 0.3994140625 0.2568359375 0.4116210938
018622 0.4007812440 0.4546875060 0.4261718690 0.4812499881
018693 0.0039062500 0.3940429688 0.0825195312 0.4848632812
018716 0.8911132812 0.4663085938 0.8984375000 0.4765625000
019917 0.3450522423 0.3352866173 0.3743489683 0.3645833433
021090 0.3294272423 0.3743491173 0.3509114683 0.3958333433
002109 0.9020361304 0.6000732183 0.9213098884 0.6334806681
021444 0.8925781250 0.4388022423 0.9192708731 0.4648437500
022515 0.4882812500 0.2070312500 0.5553383827 0.2604165077
022576 0.3306777477 0.4735771418 0.3437306583 0.4860617816
023384 0.5644531250 0.4833984375 0.5839843750 0.5024414062
024931 0.5039062500 0.3769531250 0.5273437500 0.3984375000
026401 0.5441747904 0.4156816304 0.5608809590 0.4664370120
026672 0.4147133827 0.5266943574 0.4329427183 0.5546875000
027083 0.3736977577 0.3697915077 0.3841145933 0.4153645933
028702 0.3118232489 0.4660424888 0.3330948353 0.4873146117
002873 0.4635415077 0.4466147423 0.4934895933 0.4746093750
029251 0.6308593750 0.3837890625 0.6523437500 0.4067382812
003028 0.4036459923 0.4042968750 0.4342447817 0.4524741173
032320 0.5592431426 0.2942709923 0.6035156250 0.3352864683
033162 0.4433593750 0.2096352577 0.5149741173 0.2708334923
033351 0.8151025176 0.2011718750 0.8880209923 0.2740883827
033700 0.3236059546 0.3772211969 0.3772211969 0.4806220829
034595 0.7822167873 0.4761953056 0.8001044393 0.4989171028
035404 0.5195312500 0.3756508827 0.5761689544 0.4329428673
035419 0.4172143638 0.4795790911 0.4234993756 0.4873143435
036342 0.5019531250 0.2968750000 0.5224609375 0.3178710938
036342 0.4345703125 0.4155273438 0.4453125000 0.4248046875
036466 0.5078125000 0.4212241173 0.5247396231 0.4375000000
040402 0.1009116247 0.3873696327 0.1432291567 0.4505209923
041321 0.2827148438 0.3286132812 0.3261718750 0.3740234375
041346 0.8348633051 0.4250918031 0.8827359080 0.4863662124
041464 0.8164062500 0.3481445312 0.8994140625 0.4335937500
041605 0.6699218750 0.3098959923 0.7024739981 0.3697915077
042804 0.6738281250 0.3208007812 0.7133789062 0.3608398438
042881 0.1752929688 0.5288085938 0.1943359375 0.5517578125
044235 0.6381494403 0.4829633832 0.6478186846 0.4945660532
045535 0.7604150176 0.4095053673 0.8033853769 0.4609375000
045657 0.3193203211 0.4685175717 0.3321087360 0.4820808470
004607 0.8197997808 0.4246762693 0.8628444076 0.4902085066
047782 0.1516928673 0.5325537324 0.1842447817 0.5729166269
047787 0.2895507812 0.5288085938 0.3032226562 0.5566406250
049284 0.0032552099 0.4121093750 0.0279947612 0.4472656250
049284 0.8261718750 0.4485678673 0.8444010019 0.4817708433
049372 0.2259116173 0.4036459923 0.2552083433 0.4309895933
004999 0.4088540077 0.2480468750 0.4648437500 0.2988281250
050345 0.1851601601 0.4626587033 0.2093324661 0.4829633236
050716 0.7135400176 0.3854165077 0.7376302481 0.4095052183
050924 0.0282688960 0.4458779395 0.0469006822 0.4722193778
051123 0.2924804688 0.4677734375 0.3442382812 0.5209960938
051435 0.9804150462 0.5544580221 0.9939092994 0.5775868297
005313 0.7697607279 0.4365810454 0.8157169223 0.4830100238
054749 0.6171875000 0.4248046875 0.6328125000 0.4404296875
055149 0.4850258827 0.2636718750 0.5468750000 0.3203125000
055792 0.8657226562 0.4140625000 0.9121093750 0.4716796875
058604 0.2050781250 0.2604165077 0.2311197817 0.3125000000
059013 0.7231249809 0.5124121308 0.7432317138 0.5344347954
006071 0.5026025176 0.3782553673 0.5234375000 0.3984375000
006071 0.0618491210 0.5006493926 0.1015625000 0.5390625000
063840 0.7456054688 0.5244140625 0.7587890625 0.5498046875
065428 0.8867187500 0.3818359375 0.9257812500 0.4306640625
066205 0.8828125000 0.4127602577 0.9055989981 0.4361977577
067753 0.6342773438 0.4790039062 0.6396484375 0.4858398438
006875 0.0771176741 0.4863437414 0.0860305205 0.4991319478
069108 0.8639306426 0.2649741173 0.9394531250 0.4153647423
070274 0.0039062500 0.3828125000 0.0546875000 0.4420571327
071563 0.1321616173 0.3821616173 0.1575520933 0.4082031250
073970 0.6684814692 0.4634794891 0.6816561222 0.4766555130
075494 0.2480082959 0.4723276496 0.2567102611 0.4950495064
076619 0.5136718750 0.5917968750 0.6113281250 0.6868491173
080064 0.0488281250 0.4134116173 0.0598958507 0.4257812500
080064 0.5123681426 0.6595068574 0.6289047599 0.7623754740
080188 0.8759765625 0.3930664062 0.8935546875 0.4135742188
080265 0.3925781250 0.4604492188 0.4018554688 0.4716796875
008031 0.3527187407 0.4683647454 0.3649259806 0.4818564951
080391 0.8598632812 0.1733398438 0.9248046875 0.2470703125
080824 0.3218803704 0.4715766609 0.3437243104 0.4914936125
083050 0.8793945312 0.4340820312 0.9003906250 0.4570312500
083072 0.5263671875 0.2622070312 0.5864257812 0.3188476562
083470 0.4921875000 0.4544272423 0.5084635019 0.4713541567
083499 0.7259960771 0.4664370120 0.7394891381 0.4792865813
084673 0.8222656250 0.3632812500 0.8457031250 0.3886715770
087672 0.3413134813 0.4694267511 0.3592009842 0.4882812500
008939 0.6748926044 0.4732944369 0.6845606565 0.4829633236
089812 0.4320903420 0.4789804816 0.4413907826 0.4894438386
089841 0.2666015625 0.4736328125 0.2915039062 0.5000000000
090210 0.5093408227 0.2891391516 0.5361504555 0.3178615272
093056 0.5096679926 0.3975385725 0.5224164724 0.4102855921
000962 0.1250000000 0.5659179688 0.1611328125 0.6171875000
096382 0.6028662324 0.3313803673 0.6341146231 0.3593750000
097842 0.2242241204 0.4574423730 0.2441406250 0.4773591757
097903 0.8075927496 0.4169663191 0.8371453881 0.4651519954
098061 0.1372070312 0.4526367188 0.1562500000 0.4785156250
098114 0.3700864315 0.4731679559 0.3801618218 0.4840184450
009852 0.5869140625 0.5415039062 0.5957031250 0.5522460938
