015332 0.5253906250 0.0710937530 0.6050781012 0.1351562440
016379 0.8110888600 0.5324609280 0.8242648244 0.5584232211
017814 0.5306006074 0.3841147423 0.5579427481 0.4114583433
019339 0.8898437619 0.1593749970 0.9566606283 0.2352646440
023791 0.1549477577 0.1712241173 0.1822916567 0.2128906250
026112 0.1040039062 0.4550781250 0.1191406250 0.4731445312
031990 0.2098481506 0.3760893643 0.2323344201 0.3984564841
038527 0.9741210938 0.4409179688 0.9912109375 0.4658203125
046127 0.4882812500 0.0449218750 0.6030273438 0.1303710938
047989 0.0597700179 0.3266601562 0.0986339375 0.3632812500
048397 0.5847656131 0.4625000060 0.5937500000 0.4718750119
004917 0.4479165077 0.3880209923 0.4772135317 0.4179687500
053027 0.7441406250 0.4722656310 0.7644531131 0.4906249940
054093 0.7395849824 0.5032568574 0.7552083731 0.5201822519
058030 0.6206054688 0.4223632812 0.6303710938 0.4331054688
062728 0.5014648438 0.4526367188 0.5102539062 0.4619140625
065357 0.8261718750 0.4199218750 0.8413085938 0.4365234375
066549 0.1835937500 0.4140625000 0.2011718750 0.4360351562
066549 0.7602539062 0.3964843750 0.7846679688 0.4233398438
068158 0.8988281488 0.3980468810 0.9195312262 0.4214843810
068678 0.4096679688 0.2246093750 0.4697265625 0.2832031250
069211 0.8134765625 0.2597656250 0.8613281250 0.3105468750
069700 0.3256835938 0.4418945312 0.3334960938 0.4570312500
070437 0.5144531131 0.4464843869 0.5246093869 0.4574218690
072478 0.7552099824 0.4570312500 0.7708333731 0.4713541567
072694 0.8098974824 0.4101562500 0.8274739981 0.4303385317
072737 0.8411474824 0.0709633753 0.8997397423 0.1204428747
076329 0.8823242188 0.4624023438 0.8901367188 0.4697265625
076771 0.2866210938 0.3750000000 0.3139648438 0.4042968750
007736 0.8248681426 0.1308593750 0.8854165077 0.1875000000
083194 0.6640625000 0.4641928673 0.6829427481 0.4830729067
083878 0.0815429688 0.4780273438 0.0996093750 0.5019531250
087665 0.2022260725 0.5135595798 0.2141089886 0.5271685123
089304 0.8580712676 0.4388022423 0.8769531250 0.4570312500
094297 0.6515625119 0.2757812440 0.7023437619 0.3261718750
094932 0.3399648368 0.4480512738 0.3482935131 0.4569912255
097776 0.4941406250 0.2875976562 0.5415039062 0.3330078125
