012883 0.3687807620 0.6527538896 0.3842004538 0.6675319076
017256 0.7101855278 0.4761953056 0.7358104587 0.4974667430
017897 0.9270849824 0.4667968750 0.9641927481 0.5182290077
019058 0.0208333489 0.4648437500 0.0670572743 0.5104166269
020781 0.7602539062 0.2636718750 0.8085937500 0.3159179688
002377 0.4531250000 0.3066406250 0.4858398438 0.3339843750
024258 0.1522290111 0.4518994093 0.2077587843 0.5160464048
026042 0.9712890387 0.2832587957 0.9846080542 0.2979626358
026042 0.9460449219 0.3773081005 0.9668505788 0.3992254734
029071 0.6254882812 0.4082031250 0.6645507812 0.4418945312
029071 0.4311523438 0.2607421875 0.4702148438 0.2954101562
030077 0.1787109375 0.4619140625 0.1904296875 0.4726562500
030536 0.0121930176 0.3926953077 0.0294262208 0.4119670987
031565 0.8295898438 0.3457031250 0.8569335938 0.3789062500
031912 0.8043798804 0.4651523530 0.8448492885 0.4992037117
032920 0.2651367188 0.4448242188 0.2993164062 0.4775390625
033480 0.0063809571 0.4233618081 0.0246915035 0.4466660619
035089 0.8417041302 0.5285840034 0.8506169319 0.5394344926
036140 0.5041259527 0.4856943488 0.5151205659 0.4964998662
039565 0.6381835938 0.3466796875 0.6665039062 0.3710937500
042381 0.6177148223 0.6863086224 0.6277919412 0.6963821054
050549 0.0160618648 0.6495410204 0.0533254407 0.6970857382
050549 0.8265917897 0.5111474395 0.8393834829 0.5235459805
056272 0.5185546875 0.3369140625 0.5400390625 0.3564453125
006017 0.7207031250 0.4283852577 0.7337239981 0.4407552183
060637 0.5952148438 0.1381835938 0.6650390625 0.1918945312
060727 0.7792968750 0.4583334923 0.7981771231 0.4759114683
062713 0.1054687500 0.5258789062 0.1162109375 0.5405273438
063032 0.6555517316 0.4761953056 0.6739115119 0.4916652441
064554 0.2337929755 0.7786620855 0.2573985755 0.7964492440
072147 0.7985986471 0.5846533179 0.8165904880 0.6167763472
074722 0.0937500000 0.2905273438 0.1186523438 0.3256835938
007622 0.9121972919 0.5482079983 0.9230162501 0.5620774031
007622 0.9463232160 0.5423779488 0.9571444392 0.5556964874
076734 0.4311938584 0.7108007669 0.4443116188 0.7270774841
007807 0.8201416135 0.4493916035 0.8285657763 0.4636511207
088781 0.6928710938 0.2807617188 0.7250976562 0.3100585938
097043 0.1725258827 0.5292968750 0.1809895933 0.5371093750
