010175 0.7014892697 0.4851684570 0.7102449536 0.4933391511
010593 0.6201171875 0.4609375000 0.6386718750 0.4765625000
015220 0.3144531250 0.4420571327 0.3372395933 0.4628906250
001542 0.1798422784 0.4882812500 0.2001468688 0.5119686723
017947 0.8296874762 0.4687500000 0.8460937738 0.4843750000
018124 0.5815429688 0.4638671875 0.5981445312 0.4780273438
022075 0.6706298590 0.4887109399 0.6784084439 0.4958431125
024165 0.4492187500 0.4830727577 0.4680989683 0.4980468750
026710 0.5820556879 0.4666157365 0.6008123159 0.4814905822
028256 0.9484375119 0.4222656190 0.9738281369 0.4476562440
028421 0.0555297844 0.3686044812 0.1302084923 0.4767924845
029107 0.5789648294 0.4937060475 0.5952398777 0.5099826455
029714 0.7804199457 0.4855068326 0.7915172577 0.4960493743
002981 0.7128906250 0.4889306724 0.7434896231 0.5195312500
034501 0.9839257598 0.4677421749 0.9998157620 0.4886685908
035542 0.0236390140 0.4940966666 0.0430152826 0.5146347284
035925 0.6416015625 0.4731445312 0.6616210938 0.4907226562
038995 0.6941259503 0.4586015642 0.7448681593 0.4997704029
042108 0.8833007812 0.4326171875 0.9301757812 0.4804687500
042162 0.6538085938 0.4848632812 0.6860351562 0.5151367188
044681 0.6562500000 0.4599609375 0.6752929688 0.4790039062
044820 0.5794287324 0.4830727577 0.6009114981 0.5026041269
045641 0.5549414158 0.4793681502 0.5696650147 0.4898313582
046232 0.9267578125 0.4892578125 0.9511718750 0.5131835938
046292 0.6269531250 0.4453125000 0.6655273438 0.4794921875
048536 0.8938818574 0.2805991173 0.9915381074 0.3867187500
005080 0.9052587748 0.4840185642 0.9207598567 0.5022321343
005824 0.8886718750 0.4609375000 0.9069010019 0.4778645933
058710 0.3859375119 0.4547626972 0.4074361324 0.4765279889
059155 0.0844726562 0.4384765625 0.1777343750 0.5419921875
060241 0.6560791135 0.4758803844 0.6731305718 0.4937065840
062965 0.6139306426 0.4433593750 0.6360677481 0.4622395933
063084 0.2958413064 0.3877524436 0.3820083141 0.5284926891
063467 0.1966147423 0.4264321327 0.2278645933 0.4570312500
063659 0.5865868926 0.4752602577 0.6022135019 0.4915364683
064371 0.4570312500 0.4856772423 0.4811197817 0.5078125000
067316 0.9223632812 0.4750976562 0.9458007812 0.4995117188
068359 0.6020507812 0.4956054688 0.6264648438 0.5161132812
076091 0.7174462676 0.4615883827 0.7363281250 0.4791666567
078340 0.1292509735 0.3427543938 0.2345664054 0.4681757689
078974 0.8196631074 0.4869790077 0.8567708731 0.5221353769
079937 0.6139306426 0.4466147423 0.6419271231 0.4726562500
081422 0.6858154535 0.4785712957 0.6941362023 0.4868944287
082195 0.7663769722 0.4837539196 0.7780163288 0.4944252074
083208 0.3070586026 0.4525713027 0.3255208433 0.4826939404
083718 0.3042070270 0.4983593822 0.3204832077 0.5257259607
008375 0.8689453006 0.4676323235 0.8854652643 0.4843944311
083985 0.1723535210 0.4808437526 0.1898150444 0.5038024187
084332 0.5781884789 0.4739428759 0.5929129124 0.4886687994
086605 0.8431006074 0.4160156250 0.8860677481 0.4563802183
008739 0.0227864739 0.4082031250 0.0358072743 0.4199218750
088586 0.6801757812 0.4936523438 0.7236328125 0.5317382812
089174 0.8105468750 0.4544272423 0.8385416269 0.4804687500
091715 0.7109375000 0.4550781250 0.7734375000 0.5102539062
093103 0.3919272423 0.4765625000 0.4251305163 0.5052083731
094942 0.7359082103 0.4673549831 0.7622612715 0.4933196306
095386 0.8085937500 0.4459633827 0.8281250000 0.4661458433
009633 0.8720703125 0.4960937500 0.8886718750 0.5122070312
098447 0.2944335938 0.4995117188 0.3198242188 0.5239257812
000992 0.6723632812 0.4731445312 0.7006835938 0.5000000000
