010705 0.2298178673 0.3203125000 0.2473958433 0.3587239683
010705 0.2851562500 0.3541665077 0.2994791567 0.3854166567
011184 0.4492187500 0.1829428673 0.5045571327 0.2265625000
011184 0.6380224824 0.1842446327 0.6914062500 0.2272135317
000117 0.8066406250 0.4208984375 0.8217773438 0.4365234375
012614 0.8515625000 0.2514648438 0.8925781250 0.2973632812
013274 0.9746093750 0.3424477577 0.9941406250 0.3678385317
001334 0.9231787324 0.3815102577 0.9394531250 0.4023437500
001642 0.4895849526 0.3554687500 0.5221353769 0.3860675693
001642 0.5846337676 0.3561196327 0.6184896231 0.3873697817
018087 0.6886718869 0.4152343869 0.6968749762 0.4230468869
018247 0.8098974824 0.3925781250 0.8307291269 0.4153645933
018247 0.8684912324 0.3984375000 0.8867187500 0.4212239683
018720 0.6958007812 0.3247070312 0.7280273438 0.3593750000
019630 0.5761718750 0.3769531250 0.5869140625 0.3896484375
020038 0.9897460938 0.3984375000 1.0000000000 0.4140625000
021032 0.8294287324 0.3782553673 0.8450521231 0.3958333433
002105 0.7996093631 0.3214843869 0.8339843750 0.3601562381
021290 0.6246093512 0.3199218810 0.6445312500 0.3445312381
022069 0.9208984375 0.4106445312 0.9394531250 0.4331054688
023686 0.9316406250 0.3066406250 0.9550781250 0.3372395933
024019 0.5453125238 0.4320312440 0.5562499762 0.4421874881
025722 0.7007812262 0.3000000119 0.7261718512 0.3269531131
028040 0.5065087676 0.3899741173 0.5260416269 0.4101562500
028229 0.5110693574 0.3580727577 0.5312500000 0.3789062500
029491 0.7265625000 0.4244790077 0.7486978769 0.4459633827
029491 0.7278662324 0.4498696327 0.7493489981 0.4726562500
029491 0.7285156250 0.4765625000 0.7519531250 0.4993485212
029998 0.7115868926 0.4029946327 0.7285156250 0.4212239683
029998 0.7578125000 0.4062500000 0.7727864981 0.4225260317
029998 0.7994775176 0.4088540077 0.8151041269 0.4270833433
000002 0.6332031488 0.3757812381 0.6562500000 0.4015625119
030838 0.4868164062 0.4072265625 0.5053710938 0.4262695312
030838 0.5380859375 0.4067382812 0.5581054688 0.4257812500
031728 0.6596679688 0.3740234375 0.6831054688 0.3979492188
003174 0.0742187500 0.3391928673 0.0976562500 0.3776041567
003174 0.1458334923 0.3639321327 0.1640622020 0.3945308030
031801 0.6390625238 0.2941406369 0.6773437262 0.3304687440
032521 0.7506493926 0.4186196327 0.7643228769 0.4361979067
033106 0.5949218869 0.4175781310 0.6107166409 0.4341139793
035161 0.8585937619 0.3937500119 0.8718749881 0.4082031250
036091 0.2402343750 0.3046875000 0.2578125000 0.3404947817
036091 0.2845053673 0.3333334923 0.2981770933 0.3639322817
036167 0.7460937500 0.3691406250 0.7636718750 0.3880208433
036167 0.7981787324 0.3730468750 0.8151041269 0.3919270933
036180 0.7324218750 0.3782553673 0.7480468750 0.3984375000
036180 0.7812500000 0.3828125000 0.7962239981 0.3990885317
036786 0.0813803747 0.3639321327 0.1002603993 0.3932291567
036786 0.1393227577 0.3789062500 0.1549479067 0.4049479067
037039 0.7414062619 0.2500000000 0.7859374881 0.2921875119
037172 0.4944189489 0.3755581081 0.5181354880 0.3987165093
037172 0.5622217059 0.3750000000 0.5851011276 0.3984375000
037451 0.7664062381 0.3828125000 0.7816406488 0.3984375000
040995 0.4498696327 0.2447915077 0.5039062500 0.2916666567
041963 0.5097656250 0.4329428673 0.5240885019 0.4459635317
041963 0.5585937500 0.4316406250 0.5729166269 0.4459635317
043326 0.5593749881 0.4101562500 0.5757812262 0.4246093631
043833 0.1217446253 0.2753906250 0.1438802183 0.3144531250
043833 0.1809897423 0.3066406250 0.1979166567 0.3398438990
044983 0.9420556426 0.3463540077 0.9622396231 0.3710936010
046278 0.5554687381 0.4132812619 0.5710937381 0.4292968810
004710 0.4902343750 0.0000000000 0.6367187500 0.0664062500
004710 0.8535156250 0.0611977540 0.9485678673 0.1451821327
047768 0.1647133827 0.3014321327 0.2005208433 0.3391927183
047768 0.3294272423 0.2753906250 0.3750000000 0.3157550693
048260 0.5110693574 0.4186196327 0.5234375000 0.4309895933
048260 0.5501318574 0.4179687500 0.5631510019 0.4303385317
048869 0.6944238544 0.3162934482 0.7312499285 0.3540533781
049049 0.9664062262 0.3277343810 0.9816406369 0.3476562500
049324 0.5768212676 0.3697915077 0.6028614044 0.3938802183
004997 0.7363281250 0.3854165077 0.7552083731 0.4055989683
004997 0.7851562500 0.3893227577 0.8014322519 0.4075517952
050739 0.5136718750 0.3040366173 0.5598958731 0.3444010317
050739 0.6744775176 0.3066406250 0.7161458731 0.3457031250
051071 0.5824218988 0.3710937500 0.6070312262 0.3945312500
051306 0.5410156250 0.4208984375 0.5546875000 0.4335937500
000514 0.4453125000 0.4114584923 0.4635416567 0.4303385317
000514 0.5156250000 0.4108071327 0.5351562500 0.4283854067
052667 0.7792968750 0.3937500119 0.7933593988 0.4082031250
052777 0.5539062619 0.4597656131 0.5640624762 0.4718750119
053003 0.7039062381 0.4113281369 0.7156249881 0.4222656190
053304 0.7246093750 0.2066406310 0.7796875238 0.2542968690
053944 0.8042968512 0.2019531280 0.8527343869 0.2468750030
054525 0.4576821327 0.2428383827 0.5123696327 0.2916665077
054525 0.6575537324 0.2480468750 0.7096352577 0.2955729067
055241 0.6878271699 0.4137368202 0.6982421875 0.4241536558
055241 0.7207031250 0.4156899452 0.7311197519 0.4261067808
005715 0.0338541493 0.3541665077 0.0533853993 0.3808593750
059732 0.5306006074 0.4108071327 0.5488281250 0.4277343750
059732 0.5898437500 0.4088540077 0.6087239981 0.4270833433
060094 0.4720053673 0.1979165077 0.5410156250 0.2539062500
063102 0.8372412324 0.3177084923 0.8626302481 0.3489583433
063102 0.8372412324 0.3665366173 0.8645833731 0.3984375000
063201 0.6476562619 0.4304687381 0.6546875238 0.4390625060
006365 0.0996093750 0.3977866173 0.1145833507 0.4199218750
006365 0.1490883827 0.4088540077 0.1621093750 0.4290364683
065090 0.6625000238 0.4144531190 0.6722656488 0.4234375060
065357 0.5786132812 0.3950195312 0.5947265625 0.4121093750
065600 0.8710937500 0.3730468750 0.8919271231 0.3971354067
006560 0.4192709923 0.0000000000 0.5384116173 0.0358071774
006560 0.7662743926 0.0065104002 0.8619790077 0.0716144070
066056 0.4635415077 0.2063803673 0.5260415077 0.2591147423
066834 0.7532568574 0.3828125000 0.7727864981 0.4049479067
066834 0.7571631074 0.4459633827 0.7760432363 0.4661458433
069241 0.5169287324 0.4303383827 0.5286490917 0.4440104067
069241 0.5657568574 0.4290366173 0.5794271231 0.4427083433
069522 0.4772133827 0.2285156250 0.5377602577 0.2825522423
069522 0.6660156250 0.2376303673 0.7200522423 0.2884116173
069700 0.2192382812 0.3652343750 0.2294921875 0.3886718750
006999 0.2246093750 0.3815102577 0.2337239683 0.4016927183
071807 0.7382812500 0.4023437500 0.7513021231 0.4166666567
072517 0.0826821253 0.3671875000 0.1015625000 0.3990885317
072645 0.4176430702 0.2041015625 0.4622395933 0.2402343750
072694 0.5774756074 0.3867187500 0.5950521231 0.4062500000
073110 0.6796875000 0.4186196327 0.6907552481 0.4316406250
000739 0.6884765625 0.4125976562 0.6987304688 0.4228515625
000073 0.1762695312 0.3198242188 0.1918945312 0.3486328125
079532 0.6556006074 0.3222656250 0.6927099824 0.3587238193
080709 0.5542968512 0.4210937619 0.5679687262 0.4343749881
081474 0.4980468750 0.4311523438 0.5136718750 0.4467773438
081601 0.2233071327 0.2845053673 0.2454427183 0.3281250000
081601 0.2721352577 0.3170571327 0.2877604067 0.3535156250
008169 0.6003906131 0.2945312560 0.6277343631 0.3210937381
084263 0.5981445312 0.3891601562 0.6201171875 0.4106445312
085195 0.4941406250 0.2651367188 0.5283203125 0.2978515625
085447 0.5546875000 0.4218750000 0.5688476562 0.4345703125
008558 0.5066943169 0.4213168919 0.5161788464 0.4313616157
008558 0.5396191478 0.4204799831 0.5493862033 0.4299665093
086335 0.5117187500 0.1878906190 0.5566406250 0.2218749970
091702 0.8587256074 0.3489584923 0.8828125000 0.3776041567
091702 0.9212256074 0.3600258827 0.9427083731 0.3860677183
091711 0.6611328125 0.3237304688 0.6977539062 0.3603515625
092367 0.1536459923 0.2740883827 0.1744791567 0.3157552183
092367 0.2070312500 0.3046875000 0.2239583433 0.3411458433
093045 0.7871093750 0.4134116173 0.8033853769 0.4296875000
093851 0.2259116173 0.2610678673 0.2473958433 0.3014322817
093851 0.2773437500 0.3001303673 0.2910156250 0.3346354067
094440 0.4902343750 0.2766928673 0.5397133827 0.3216145933
096971 0.9303368926 0.3789062500 0.9518228769 0.4049479067
097756 0.4986962974 0.1803383827 0.5625000000 0.2311196327
