010227 0.6960400343 0.1656328142 0.7793349624 0.2431831062
001031 0.7580468655 0.4404199123 0.7686803937 0.4529896379
010741 0.0970136747 0.3951225579 0.1098632812 0.4156815410
011722 0.6593407989 0.4585317373 0.6696890593 0.4692027271
001191 0.5872412324 0.4042968750 0.6074218750 0.4251302183
012654 0.5175781250 0.2949218750 0.5693359375 0.3442382812
012661 0.1247294918 0.4655590951 0.1416499019 0.4824798703
012686 0.8975390792 0.4188940525 0.9116725326 0.4375256896
013384 0.5390625000 0.4355468750 0.5611978769 0.4583333433
013456 0.5583105683 0.4323857427 0.5743729472 0.4465203583
013497 0.6771240234 0.4565913081 0.6858572960 0.4659690559
013869 0.8982421756 0.4558901489 0.9103302956 0.4718436897
013919 0.7582714558 0.4059438407 0.7764629126 0.4279641509
013942 0.0484405756 0.3142827153 0.0728545412 0.3526475728
014459 0.6150390506 0.4494775534 0.6244179010 0.4595017433
014663 0.7075195312 0.4296875000 0.7172851562 0.4418945312
014999 0.7089843750 0.2877602577 0.7480307817 0.3268229067
015375 0.5496777296 0.4650751948 0.5593411326 0.4757115841
015497 0.4008789062 0.3852539062 0.4160156250 0.4028320312
015705 0.8030029535 0.4384863377 0.8150912523 0.4520227611
016243 0.8208935261 0.4505722523 0.8310450315 0.4626585841
016686 0.5351709127 0.4739428759 0.5429222584 0.4805307686
017722 0.8833007812 0.3583984375 0.9067382812 0.3847656250
017912 0.3534228504 0.4588295817 0.3627232015 0.4689050317
017968 0.2739257812 0.4296875000 0.2836914062 0.4404296875
017987 0.9321289062 0.4428710938 0.9492187500 0.4663085938
018029 0.0571801774 0.3906250000 0.0719569325 0.4195363820
018408 0.7194579840 0.4513359368 0.7276687026 0.4599782228
018447 0.0000000000 0.3609453142 0.0141344722 0.3839230835
018639 0.5335009694 0.4622026384 0.5404385924 0.4691384137
001883 0.9916992188 0.4365234375 0.9985351562 0.4453125000
018889 0.6666650176 0.2812500000 0.7141879201 0.3281250000
018935 0.1411132812 0.4340820312 0.1518554688 0.4458007812
019691 0.3684897423 0.4355468750 0.3899739683 0.4589843750
019711 0.2840463817 0.4811435640 0.2954019010 0.5046654344
019713 0.3579101562 0.3916015625 0.3798828125 0.4135742188
020015 0.8506396413 0.3906250000 0.8666992188 0.4103229940
020600 0.2445727587 0.6127294898 0.2540793419 0.6243962646
020974 0.5182275176 0.4016928673 0.5390625000 0.4218750000
021005 0.5589550734 0.4150390625 0.5769428015 0.4368832111
021216 0.0885009766 0.5762304664 0.1032047346 0.5956476331
021298 0.4843750000 0.4165039062 0.4975585938 0.4306640625
021671 0.1629213840 0.3877241313 0.1764580607 0.4104463458
022219 0.5589550734 0.4164750874 0.5756617785 0.4337086380
022415 0.6925048828 0.4386782348 0.7014198899 0.4483662248
022748 0.7681982517 0.4462212026 0.7773862481 0.4573406875
022827 0.5366210938 0.4082031250 0.5600585938 0.4326171875
023088 0.5932617188 0.4082031250 0.6103515625 0.4257812500
023651 0.5595849752 0.4534038007 0.5692739487 0.4630921483
024425 0.8039697409 0.4263999164 0.8160581589 0.4399365783
024747 0.8703808784 0.4514663219 0.8804563284 0.4630921483
025058 0.9538427591 0.4254330993 0.9673770070 0.4452545047
002560 0.8349609375 0.3642578125 0.8579101562 0.3906250000
002591 0.6367187500 0.4243164062 0.6474609375 0.4355468750
026127 0.7714843750 0.4418945312 0.7792968750 0.4511718750
026582 0.5361377001 0.4756699204 0.5435766578 0.4827840328
026724 0.8442382812 0.4199218750 0.8598632812 0.4389648438
027969 0.5693359375 0.4321289062 0.5805664062 0.4438476562
028075 0.7670898438 0.4604492188 0.7954101562 0.4907226562
028184 0.6491015553 0.4438256919 0.6610041261 0.4574296474
028322 0.4361977577 0.3945312500 0.4622395933 0.4205729067
028455 0.7584618926 0.3255209923 0.7936197519 0.3619791567
028763 0.4084511697 0.4475913048 0.4185267985 0.4588293433
028834 0.9272460938 0.4189453125 0.9555664062 0.4506835938
029002 0.7369482517 0.4481840730 0.7456798553 0.4595017433
029008 0.5278320312 0.4653320312 0.5346679688 0.4736328125
029175 0.7831640840 0.4097734392 0.7975260019 0.4259611368
029597 0.8906250000 0.4541015625 0.8989257812 0.4638671875
030029 0.7099462748 0.4518539906 0.7180834413 0.4603794515
003027 0.8963964581 0.5771923661 0.9148580432 0.5978396535
030543 0.7529833913 0.4754316509 0.7806075215 0.5024157166
031516 0.1941498965 0.4355776310 0.2053881288 0.4499163032
031765 0.5514501929 0.4464287162 0.5626860261 0.4572792351
032067 0.3543666899 0.4442875981 0.3664526343 0.4592744708
032356 0.5426074266 0.4559448361 0.5532776117 0.4685559571
003299 0.7382812500 0.4130859375 0.7495117188 0.4267578125
033292 0.6435546875 0.3598632812 0.6694335938 0.3847656250
033768 0.7435400486 0.4481552839 0.7522432208 0.4597579241
003452 0.6762695312 0.2158203125 0.7202148438 0.2568359375
034548 0.7555517554 0.4223149419 0.7657284737 0.4349260330
003457 0.5634521246 0.3867700100 0.5814402103 0.4040288031
034605 0.7517578006 0.4481552839 0.7628790140 0.4612082541
035155 0.6266406178 0.4152158201 0.6638244390 0.4527585804
035422 0.9687500000 0.4052734375 0.9868164062 0.4272460938
035743 0.8165429831 0.4244663119 0.8286277652 0.4409034550
003589 0.9727099538 0.4131118059 0.9855571985 0.4375256896
003595 0.9412255883 0.4760742188 0.9637129903 0.4979183674
036046 0.6084228754 0.3173828125 0.6437585354 0.3507918417
036118 0.2084960938 0.2153320312 0.2382812500 0.2524414062
003634 0.5833691359 0.4073295891 0.6039267778 0.4291735291
036465 0.5540283322 0.4428374171 0.5606911778 0.4520227611
036550 0.5258691311 0.4545664191 0.5351717472 0.4658048451
003668 0.5737304688 0.3349609375 0.6049804688 0.3662109375
036857 0.5206201077 0.4578847587 0.5261149406 0.4646755755
037040 0.5621679425 0.4079716802 0.5827251673 0.4291735291
038030 0.5274413824 0.4674931765 0.5351755619 0.4781288505
038199 0.9877929688 0.4291992188 0.9980468750 0.4448242188
039375 0.4984326065 0.5946386456 0.5134204626 0.6110767126
039591 0.7010302544 0.4514663219 0.7084000707 0.4588293433
040022 0.8630175591 0.4522412121 0.8707681894 0.4615420401
040043 0.7786816359 0.4182514548 0.7934570312 0.4343133271
000400 0.8079882860 0.4441035092 0.8188399076 0.4576667845
040588 0.2485351562 0.3720703125 0.2622070312 0.3916015625
040879 0.6293945312 0.3886718750 0.6489257812 0.4082031250
004107 0.6913427711 0.4417783320 0.7021949291 0.4537915587
041137 0.6738916039 0.4575615227 0.6810068488 0.4646755755
041139 0.6677050591 0.4479785264 0.6801059842 0.4615420401
041653 0.6699218750 0.2649741173 0.7272133827 0.3170571327
041865 0.5811523199 0.3743491173 0.6137024760 0.4040288031
042293 0.5452490449 0.4553417861 0.5533853769 0.4642547369
042515 0.7661132812 0.4628906250 0.7758789062 0.4726562500
004256 0.8017578125 0.3935546875 0.8203125000 0.4145507812
042891 0.8915380836 0.4800219834 0.9039264321 0.4931397438
043004 0.4511718750 0.4335937500 0.4738281369 0.4582031369
043067 0.8467822075 0.4692924917 0.8602744341 0.4906063974
043070 0.1165258810 0.5495605469 0.1268364191 0.5641437769
043560 0.6707422137 0.2602026463 0.7311367393 0.3186679780
043598 0.5593457222 0.4413867295 0.5738513470 0.4558903277
043773 0.4677221775 0.4182514548 0.4895662069 0.4375256896
044361 0.8510742188 0.3378906250 0.8715820312 0.3642578125
044480 0.7215722799 0.4534038007 0.7308717966 0.4627045989
044916 0.7845068574 0.4127602577 0.8170572519 0.4479166567
044936 0.4398437440 0.4117187560 0.4585937560 0.4300781190
044980 0.7329785228 0.4483310580 0.7421320081 0.4577636719
045793 0.7197265625 0.3969726562 0.7329101562 0.4111328125
046120 0.5356591940 0.4573408067 0.5443610549 0.4679764509
004620 0.6966454983 0.4346166849 0.7067903280 0.4467045069
046341 0.5753955245 0.3892377913 0.5989767909 0.4108775854
047192 0.2586440444 0.4355854392 0.2712136209 0.4496055245
000478 0.5454638600 0.4413803816 0.5557422042 0.4548726082
047910 0.5453271270 0.4592744112 0.5545134544 0.4699102640
048010 0.9270898700 0.4472138584 0.9351717830 0.4569148421
048103 0.4726562500 0.4511718750 0.4794921875 0.4575195312
048540 0.8363623023 0.4351020455 0.8489325643 0.4500889778
048887 0.9448242188 0.2011718750 0.9985351562 0.2612304688
049063 0.7196338177 0.4448784292 0.7297092080 0.4572792351
004918 0.6142578125 0.3925781250 0.6328125000 0.4111328125
049248 0.5386718512 0.4267934561 0.5508797169 0.4390006959
049631 0.6341211200 0.3096733391 0.6829511523 0.3533614278
049763 0.5303418040 0.4529897571 0.5395265818 0.4631420374
050161 0.9477539062 0.3203125000 0.9731445312 0.3520507812
050248 0.7638476491 0.4534731507 0.7730314136 0.4650757909
050756 0.7890625000 0.4843750000 0.8359375000 0.5325521231
051554 0.9208984375 0.3632812500 0.9443359375 0.3925781250
051572 0.8122949004 0.4498007894 0.8258743882 0.4662924409
051886 0.5289697051 0.4592168033 0.5340091586 0.4669673741
052497 0.5491943359 0.4234995246 0.5665996075 0.4418703616
005275 0.7804736495 0.4379028380 0.7909381390 0.4503035545
052862 0.6998681426 0.1302084923 0.7942709923 0.2115883827
053794 0.5878661871 0.3379418850 0.6238435507 0.3739206493
055157 0.5443603396 0.4322016537 0.5588644743 0.4452545047
055520 0.8837890625 0.4697265625 0.9233398438 0.5058593750
055632 0.5414599776 0.4520229399 0.5496789813 0.4612082541
055869 0.7610986233 0.4545664191 0.7703993320 0.4646422267
055943 0.5243213177 0.4615419805 0.5316840410 0.4712301791
056360 0.3061523438 0.3730468750 0.3291015625 0.3984375000
056374 0.5255078077 0.4534731507 0.5356590152 0.4636254907
056455 0.0014648438 0.3818359375 0.0463867188 0.4311523438
056587 0.2566406131 0.1007812470 0.2988281250 0.1773437560
056649 0.5126953125 0.4331054688 0.5239257812 0.4448242188
056763 0.3053696156 0.4483662248 0.3150576651 0.4592168927
005682 0.9475536942 0.3355117142 0.9755956531 0.3732208908
057098 0.5617675781 0.4022275507 0.5825533867 0.4268834889
057237 0.8914746046 0.4263999164 0.9040454626 0.4433206916
057280 0.9375000000 0.3795571327 0.9648437500 0.4082031250
057496 0.2563476562 0.4057617188 0.2763671875 0.4257812500
057515 0.6399756074 0.4947900474 0.6510416269 0.5071614981
057689 0.7204101682 0.4553417861 0.7273840308 0.4634796381
005773 0.7160156369 0.3843750060 0.7382812500 0.4082031250
057995 0.5229492188 0.4267578125 0.5351562500 0.4389648438
058194 0.3847656250 0.4194335938 0.3989257812 0.4331054688
058223 0.7034130692 0.4481552839 0.7130839825 0.4607248008
058247 0.5347851515 0.4716176689 0.5429222584 0.4805307686
005836 0.7445068359 0.4380029440 0.7536935806 0.4505724013
058828 0.9277343750 0.2001953125 0.9833984375 0.2622070312
059384 0.6180615425 0.3071030378 0.6604646444 0.3475791514
059515 0.6914062500 0.4296875000 0.7036132812 0.4428710938
005970 0.4503906369 0.3058593869 0.4933593869 0.3445312381
059798 0.4809184670 0.4611542821 0.4902189076 0.4692925215
060075 0.3774414062 0.4052734375 0.3989257812 0.4287109375
060075 0.5126953125 0.2685546875 0.5478515625 0.3041992188
060137 0.7092187405 0.4496054649 0.7213025689 0.4621751606
060251 0.8582568169 0.4314365089 0.8706467748 0.4457691908
060484 0.4467773438 0.4555664062 0.4526367188 0.4624023438
060529 0.7153320312 0.4228515625 0.7509765625 0.4584960938
060928 0.3776040077 0.2792968750 0.4348959923 0.3326821327
061035 0.9016259909 0.4157641530 0.9151647687 0.4326848686
061133 0.0763847679 0.4027109444 0.0918548852 0.4254331589
061176 0.9001758099 0.4442875981 0.9103302956 0.4544399977
061238 0.4521484375 0.4204101562 0.4648437500 0.4340820312
061377 0.7169189453 0.4526289105 0.7250589132 0.4630921483
061448 0.9482421875 0.4267578125 0.9599609375 0.4438476562
061524 0.7211034894 0.4485073388 0.7308050394 0.4582082927
061770 0.5303418040 0.4500888586 0.5409769416 0.4616917074
062161 0.0372635759 0.3655683696 0.0636050776 0.4009045959
062282 0.8398437500 0.4316406250 0.9291992188 0.5385742188
062430 0.0288085938 0.4775390625 0.0478515625 0.4990234375
062596 0.5725342035 0.3797031343 0.5935968161 0.4030717909
062790 0.4388105571 0.4241342843 0.4497327209 0.4362407625
062806 0.7707177997 0.1311655343 0.8511410952 0.2058442384
062983 0.5506005883 0.4240337014 0.5660207272 0.4400956035
063065 0.8310449123 0.4273671806 0.8421642780 0.4394531250
063264 0.7246093750 0.3364257812 0.7529296875 0.3608398438
063303 0.0812192410 0.4786123037 0.0962062478 0.4969831407
063436 0.6318359375 0.4506835938 0.6386718750 0.4575195312
006352 0.5316845775 0.4541791975 0.5384028554 0.4620886743
063771 0.5566406250 0.4077148438 0.5698242188 0.4213867188
063771 0.6787109375 0.4521484375 0.6889648438 0.4658203125
063840 0.7309570312 0.4672851562 0.7397460938 0.4760742188
064719 0.7622607350 0.4689047933 0.7754677534 0.4863435924
064774 0.6919482350 0.2100893557 0.7671157122 0.2833315432
064871 0.0156250000 0.0794272497 0.1315102577 0.1731772423
065142 0.5886523724 0.4530166090 0.5967881680 0.4623170793
065357 0.7690429688 0.4150390625 0.7846679688 0.4316406250
065708 0.2513022423 0.3333334923 0.2740885317 0.3906250000
065821 0.7797851562 0.3945312500 0.8046875000 0.4194335938
066205 0.8190087676 0.4316406250 0.8346353769 0.4472656250
000662 0.8020361066 0.4447709918 0.8141243458 0.4583075643
067033 0.5231592059 0.4584418833 0.5316840410 0.4658048451
067226 0.8227148652 0.4681298733 0.8296905756 0.4754929245
067638 0.5556982160 0.4139291942 0.5726207495 0.4330721796
067753 0.7958984375 0.2431640625 0.8422851562 0.2890625000
068191 0.6762695312 0.4169921875 0.6909179688 0.4311523438
068493 0.8520995975 0.3963696361 0.8635876179 0.4164753854
068753 0.4096679688 0.4160156250 0.4384765625 0.4433593750
068778 0.5940771699 0.4526289105 0.6029886007 0.4630921483
068855 0.7451171875 0.4243164062 0.7749023438 0.4526367188
069296 0.8959960938 0.4326171875 0.9096679688 0.4482421875
069425 0.5824511647 0.3030444384 0.6316655278 0.3487723172
069444 0.5883544683 0.3654858470 0.6197787523 0.3993270397
069482 0.7408837676 0.4381508827 0.7539062500 0.4544270933
069513 0.6459960938 0.4326171875 0.6572265625 0.4443359375
069666 0.6123046875 0.4516601562 0.6201171875 0.4599609375
069700 0.3046875000 0.4282226562 0.3139648438 0.4477539062
070050 0.2929687500 0.4351020455 0.3031211495 0.4467048347
071049 0.9143310785 0.0287224129 0.9985830188 0.1282937080
071626 0.7333788872 0.1342773438 0.8080576062 0.2039292008
007219 0.6965283155 0.4485073388 0.7065526843 0.4588550329
072200 0.9902343750 0.4370117188 0.9951171875 0.4453125000
072722 0.0317770503 0.4111635685 0.0449528806 0.4297649860
007273 0.7216796875 0.4682617188 0.7480468750 0.4965820312
072771 0.5525292754 0.4092568457 0.5750154257 0.4336708486
072880 0.8358789086 0.4297841787 0.8465153575 0.4442875981
073069 0.5685351491 0.3964262605 0.5917388797 0.4186649024
007331 0.6790381074 0.3561196327 0.7115901113 0.3893229067
073489 0.3580727577 0.4650297761 0.3658233881 0.4747178853
073587 0.4791665077 0.4238281250 0.4993489683 0.4420572817
074638 0.2954101562 0.2910156250 0.3359375000 0.3325195312
074716 0.5206738114 0.4123798907 0.5371093750 0.4307510853
074818 0.6766161919 0.4545664191 0.6859188676 0.4650297761
074872 0.8131591678 0.4413955212 0.8234206438 0.4524925351
074908 0.4612973630 0.4201787114 0.4773591757 0.4368832111
075022 0.5264745951 0.3161743283 0.5636989474 0.3524327278
076075 0.5336914062 0.4565429688 0.5429687500 0.4653320312
076474 0.3142827153 0.3945004940 0.3255208433 0.4212394655
077303 0.5390625000 0.4458007812 0.5488281250 0.4555664062
077795 0.8402343988 0.6066796780 0.8503871560 0.6166171432
077868 0.9459618926 0.3736977577 0.9759114981 0.4127601087
077910 0.6430908442 0.4585956931 0.6544637680 0.4696930647
078226 0.2988281250 0.4739584923 0.3404947817 0.5195312500
078501 0.1031904295 0.3688149452 0.1354168504 0.4052734375
078624 0.7304931879 0.4240337014 0.7415771484 0.4361239374
078754 0.6902978420 0.2910537124 0.7372089624 0.3389246166
078990 0.9702148438 0.3872070312 1.0000000000 0.4199218750
080117 0.4306640625 0.3999023438 0.4501953125 0.4179687500
080156 0.5263671875 0.3305664062 0.5590820312 0.3666992188
080471 0.8486328125 0.3627929688 0.8740234375 0.3925781250
080675 0.5326709151 0.4480537176 0.5395279527 0.4552671015
080910 0.5293603539 0.4654174745 0.5371093750 0.4743303657
080925 0.7431640625 0.4760742188 0.7700195312 0.5024414062
081000 0.8378906250 0.4208984375 0.8466796875 0.4331054688
081674 0.5244140625 0.3642578125 0.5473632812 0.3867187500
082508 0.4467773438 0.4560546875 0.4526367188 0.4619140625
008266 0.5226074457 0.4544399381 0.5313079953 0.4626585841
082793 0.2639619112 0.3756381869 0.2731474042 0.4031946361
083301 0.4729624093 0.3753061593 0.5016850829 0.4021139741
083422 0.5464892387 0.4339560568 0.5597448945 0.4475372434
083632 0.5322753787 0.4312343895 0.5487137437 0.4491220713
083879 0.3820995986 0.4561167061 0.3925626576 0.4677424431
083888 0.0693359375 0.2504882812 0.1123046875 0.3002929688
084164 0.6091406345 0.3533994257 0.6429842114 0.3862739801
084327 0.5274218917 0.4561167061 0.5355592966 0.4661928117
084374 0.5199707150 0.4679091871 0.5267621875 0.4750232995
008458 0.7113574147 0.1752070338 0.7898666859 0.2479702085
084957 0.7795507908 0.4824511707 0.7887819409 0.4938685596
085145 0.7604150176 0.3040366173 0.8001302481 0.3457032740
085211 0.2721616328 0.5934326053 0.2924139500 0.6167347431
085822 0.8156250119 0.4398437440 0.8230468631 0.4492187500
086245 0.6914062500 0.3471679688 0.7187500000 0.3774414062
008629 0.0009668946 0.4133471549 0.0130530763 0.4341351986
086481 0.2057290077 0.3756508827 0.2317708433 0.4016927183
086506 0.4539565444 0.4510556757 0.4665261209 0.4636254907
086596 0.8179931641 0.4297841787 0.8291112185 0.4433206916
086812 0.6640625000 0.3704428673 0.6907552481 0.3984375000
087685 0.6666747928 0.4413867295 0.6763473153 0.4529896379
087851 0.2295893580 0.4278886616 0.2428554147 0.4400998652
087927 0.5141601562 0.3090820312 0.5463867188 0.3398437500
087970 0.6676415801 0.4394531250 0.6748917103 0.4486386180
088211 0.7368603349 0.4092128873 0.7543404102 0.4280783832
088601 0.3300781250 0.4267578125 0.3471679688 0.4438476562
088732 0.6542968750 0.3823242188 0.6767578125 0.4042968750
089780 0.5409619212 0.4407382905 0.5557411909 0.4580849111
089860 0.5467968583 0.4301523566 0.5615234375 0.4468161166
089987 0.7123144269 0.4270068407 0.7266745567 0.4461550415
090326 0.2044980526 0.4442875981 0.2127165943 0.4544399977
090424 0.3745117188 0.1782226562 0.4472656250 0.2407226562
090426 0.5473877192 0.3976923823 0.5685907006 0.4221062958
090536 0.9842724800 0.4619399309 0.9996916056 0.4882812500
090872 0.9151660204 0.4109296799 0.9282212853 0.4293007255
091061 0.6655273438 0.4418945312 0.6733398438 0.4511718750
091207 0.1791992188 0.4448242188 0.1865234375 0.4536132812
091399 0.5342090130 0.4578242302 0.5414603949 0.4660426676
091559 0.6932958961 0.4255488217 0.7078461647 0.4404233396
091731 0.7362890840 0.4486386776 0.7445080280 0.4587910175
091814 0.8911132812 0.1469726562 0.9409179688 0.2182617188
091939 0.7358398438 0.4267578125 0.7695312500 0.4604492188
091961 0.7262207270 0.4390654266 0.7347469926 0.4503038228
092572 0.6083984375 0.4047851562 0.6259765625 0.4199218750
093043 0.7895507812 0.4521484375 0.8164062500 0.4785156250
093265 0.7793066502 0.4128637612 0.7931787372 0.4264138043
093504 0.5187988281 0.4680288136 0.5254572034 0.4746872485
093873 0.5627343655 0.4167309701 0.5815864801 0.4370358884
009401 0.2353515625 0.4360351562 0.2465820312 0.4497070312
094604 0.6253906488 0.4000000060 0.6460937262 0.4199218750
094958 0.2881342769 0.3804726601 0.2987701297 0.4123801291
094966 0.6864941120 0.4757114351 0.6942282915 0.4873143435
095018 0.5354931355 0.4449501932 0.5461635590 0.4552980065
095714 0.5549951196 0.4322016537 0.5670830607 0.4462213814
096069 0.7749658227 0.4428374171 0.7846341133 0.4544399977
009624 0.6957031488 0.4246093631 0.7093750238 0.4402343631
096688 0.6828173995 0.4568915963 0.6897941232 0.4669673741
097426 0.7715625167 0.4599916935 0.7808624506 0.4700675905
097811 0.6502881050 0.4769633710 0.6544908881 0.4808438420
097848 0.6430664062 0.4467773438 0.6513671875 0.4545898438
098115 0.0804228485 0.3006279171 0.1091452166 0.3456265032
098340 0.5981445312 0.3964072168 0.6148488522 0.4144841731
098619 0.5457275510 0.4260493219 0.5572150946 0.4426654875
098790 0.7304931879 0.4259609282 0.7407740951 0.4368830025
009952 0.5061084032 0.4406157136 0.5169581175 0.4503038228
009967 0.5716162324 0.2890625000 0.6256523728 0.3404941261
