010189 0.4764282107 0.4445835054 0.4840354621 0.4521908760
000117 0.7114257812 0.3964843750 0.7280273438 0.4135742188
012614 0.3203125000 0.1684570312 0.3754882812 0.2138671875
012858 0.6298828125 0.3100585938 0.6660156250 0.3461914062
000143 0.7754247785 0.4050512612 0.8217573762 0.4985458851
019630 0.4858398438 0.3627929688 0.4965820312 0.3740234375
020038 0.8569335938 0.3588867188 0.8730468750 0.3784179688
021032 0.7122412324 0.3457031250 0.7311197519 0.3645833433
022069 0.7822265625 0.3603515625 0.8056640625 0.3857421875
024019 0.4835937619 0.4210937619 0.4945312440 0.4320312440
031728 0.4311523438 0.3457031250 0.4545898438 0.3706054688
031784 0.4664599597 0.4215210080 0.4772624969 0.4327554703
031801 0.3832031190 0.2578125000 0.4218750000 0.2929687500
003358 0.3789062500 0.4134116173 0.4069010317 0.4394531250
035034 0.8808154464 0.3699218631 0.9021543860 0.3952181041
035161 0.7691406012 0.3691406250 0.7839843631 0.3851562440
036477 0.6456298828 0.3398481309 0.6818111539 0.3843704462
036793 0.9418945312 0.3784179688 0.9853515625 0.4252929688
037451 0.6671875119 0.3625000119 0.6839843988 0.3800781369
038142 0.4116210938 0.3686523438 0.4282226562 0.3847656250
038990 0.3859375119 0.4683593810 0.4332031310 0.5160156488
043326 0.4726562500 0.3941406310 0.4875000119 0.4097656310
044983 0.7942724824 0.2962241173 0.8216146231 0.3235680163
046278 0.4621093869 0.3980468810 0.4769531190 0.4128906131
048757 0.6477881074 0.3639321327 0.6686197519 0.3854166567
049490 0.9516357183 0.4464487433 0.9799543619 0.4765511751
050510 0.9761718512 0.4710937440 0.9992187619 0.5039062500
051071 0.4324218631 0.3460937440 0.4558593631 0.3695312440
051306 0.4599609375 0.4023437500 0.4731445312 0.4155273438
052127 0.7193993926 0.4264321327 0.7395833731 0.4479166567
052667 0.6914062500 0.3687500060 0.7078124881 0.3851562440
052777 0.4578124881 0.4499999881 0.4683593810 0.4605468810
053003 0.6382812262 0.3941406310 0.6499999762 0.4066406190
053304 0.3792968690 0.1449218690 0.4394531250 0.1929687560
055241 0.6123046875 0.3971352577 0.6236978769 0.4078772962
058835 0.0553383790 0.2740883827 0.0794271007 0.3085937500
006195 0.8873681426 0.2591147423 0.9153646231 0.2923177183
063201 0.5984374881 0.4214843810 0.6062499881 0.4296875000
065090 0.6070312262 0.4050781131 0.6160156131 0.4148437381
067997 0.8449218869 0.3761718869 0.8746093512 0.4124999940
006999 0.1035156250 0.3072915077 0.1204425767 0.3352864683
071807 0.6497412324 0.3808593750 0.6647135019 0.3958333433
073110 0.6126318574 0.4042968750 0.6243489981 0.4153645933
000739 0.6254882812 0.3969726562 0.6357421875 0.4072265625
000073 0.0463867188 0.2226562500 0.0737304688 0.2602539062
077276 0.6673193574 0.4414062500 0.6822916269 0.4570312500
079027 0.4769531190 0.4964843690 0.5011718869 0.5222656131
080709 0.4679687619 0.4078125060 0.4812499881 0.4203124940
008169 0.4250000119 0.2687500119 0.4523437619 0.2945312560
084783 0.9056006074 0.3209633827 0.9257812500 0.3444010317
085447 0.4316406250 0.4095053673 0.4446614683 0.4231770933
088015 0.4362949133 0.4822080135 0.4486842155 0.4945973158
088027 0.9716796875 0.2290039062 0.9995117188 0.2680664062
090407 0.1370517612 0.7105029225 0.1570268124 0.7296475768
090424 0.3715820312 0.1025390625 0.4462890625 0.1582031250
091027 0.3863623142 0.2952939570 0.4189143181 0.3247458041
094811 0.3046875000 0.4960937500 0.3269531131 0.5210937262
095377 0.6559521556 0.3480468690 0.6840885878 0.3762477040
