001012 0.3149414062 0.2519531250 0.3588867188 0.2944335938
010375 0.8040381074 0.3860678673 0.8515657187 0.4355468750
010523 0.5952148438 0.4101562500 0.6103515625 0.4243164062
010790 0.3886845708 0.3935351670 0.3967689574 0.4181110263
010939 0.4046450257 0.4471884668 0.4230160117 0.4752281606
011050 0.6030273438 0.3979492188 0.6235351562 0.4194335938
001120 0.7097021341 0.4969824255 0.7261370420 0.5134204030
011381 0.6119775176 0.3600258827 0.6399723887 0.3906242549
001301 0.7758789062 0.3798828125 0.7963867188 0.4008789062
013083 0.8496093750 0.3815102577 0.8808593750 0.4179687500
013143 0.6274414062 0.4326171875 0.6391601562 0.4448242188
013163 0.8085937500 0.5000000000 0.8313802481 0.5240885019
000138 0.0169206541 0.4462212026 0.0241723638 0.4587910175
015237 0.6506543159 0.4340278208 0.6901816726 0.4723927379
016065 0.1591796875 0.3237304688 0.2094726562 0.3833007812
016842 0.3950195312 0.4018554688 0.4223632812 0.4301757812
017779 0.1236206070 0.4103886783 0.1360211968 0.4262773097
018203 0.9370117188 0.4848632812 0.9467773438 0.5087890625
018319 0.0775507838 0.4423252046 0.1206341833 0.5476410985
018407 0.0275142584 0.4906054735 0.0418526866 0.5099826455
018569 0.6743164062 0.4277343750 0.6889648438 0.4428710938
018667 0.4440102577 0.4316406250 0.4583333433 0.4472656250
020194 0.7424072027 0.4710805714 0.7518421412 0.4816228449
020566 0.7576122880 0.4592168033 0.7723369002 0.4731677771
020605 0.3693535030 0.4326850474 0.3857905269 0.4476717412
021427 0.6420898438 0.4121093750 0.6635742188 0.4331054688
021841 0.5030078292 0.4766552746 0.5134721398 0.4882812500
022268 0.5425341725 0.5006836057 0.5588112473 0.5169598460
023962 0.6808154583 0.4097675681 0.6988508105 0.4280783236
024138 0.6928857565 0.4558730423 0.7004483342 0.4647313952
025086 0.5136718750 0.3704428673 0.5416666269 0.3977864683
025451 0.5917187333 0.4555151463 0.6161338091 0.4792864621
026151 0.6705566645 0.4474985301 0.6827614903 0.4591508210
026242 0.5664062500 0.2890625000 0.6106771231 0.3281250000
026515 0.2341162115 0.4543281198 0.2434938997 0.4698497057
027009 0.8424462676 0.4257812500 0.8567708731 0.4381510317
027009 0.0644531250 0.1236977503 0.1419272423 0.2154946327
027169 0.3154296875 0.3964843750 0.3330078125 0.4169921875
027229 0.8548193574 0.3802084923 0.8886718750 0.4231770933
027273 0.8365868926 0.4648437500 0.8593750000 0.4895833433
027609 0.7207031250 0.4238281250 0.7441406250 0.4497070312
027674 0.8997412324 0.4843750000 0.9127603769 0.4993489683
028195 0.3437500000 0.4121093750 0.3593750000 0.4296875000
029297 0.3265624940 0.4605468810 0.3335937560 0.4671874940
030178 0.6121289134 0.4465673864 0.6234478354 0.4583075643
003097 0.6375439167 0.4255820215 0.6516907811 0.4394535124
031641 0.6875000000 0.4687500000 0.7011718750 0.4837239683
031643 0.9526318312 0.4973388612 0.9639486074 0.5093050003
031755 0.7955712676 0.4016928673 0.8144531250 0.4238281250
031816 0.5390234590 0.4021137655 0.5801930428 0.4748774469
032223 0.0717773438 0.3872070312 0.1098632812 0.4262695312
033127 0.7034130692 0.4679765701 0.7134331465 0.4781288505
003381 0.6875000000 0.2792968750 0.7376303673 0.3268229067
034771 0.7669287324 0.3190102577 0.8118489981 0.3645831943
034778 0.6350439191 0.4735771418 0.6472501159 0.4860620201
035603 0.8131493926 0.3111977577 0.8378906250 0.3385416567
035687 0.1310649365 0.4452353418 0.1516241729 0.4709344208
036107 0.5351562500 0.4205727577 0.5527343750 0.4388020933
036213 0.3385415077 0.4205727577 0.3567708433 0.4394531250
036302 0.8258154392 0.4968066514 0.8362771869 0.5095950961
036452 0.9034814239 0.4569150507 0.9193269014 0.4727597237
000364 0.7026367188 0.4111328125 0.7177734375 0.4252929688
037145 0.5273437500 0.2604165077 0.5852866173 0.3111977577
038836 0.5318993926 0.4029946327 0.5559880137 0.4264322817
039166 0.8424462676 0.4381508827 0.8730468750 0.4778642952
004001 0.4921875000 0.4602866173 0.5032552481 0.4707031250
042040 0.8785204887 0.4700678587 0.8959586620 0.5200585723
004233 0.8030029535 0.4355854392 0.8155747056 0.4515393078
042664 0.2627416849 0.2332900465 0.2887059450 0.2937436402
042829 0.5620117188 0.4272460938 0.5834960938 0.4482421875
042905 0.0864257812 0.4873046875 0.0942382812 0.4980468750
043136 0.7613329887 0.4523027241 0.7851048112 0.4780021012
004342 0.7561084032 0.3814394474 0.7807664275 0.4060953259
004348 0.3789062500 0.4199218750 0.3979492188 0.4399414062
044151 0.4147133827 0.3912758827 0.4394531250 0.4166665077
044376 0.4375258684 0.3520766497 0.4683645070 0.3803454041
044754 0.4667968750 0.3496093750 0.4986979067 0.3815104067
045438 0.8914746046 0.4317177832 0.9011448026 0.4467048347
045973 0.6821289062 0.4277343750 0.7021484375 0.4477539062
046360 0.5664062500 0.3561196327 0.5970052481 0.3860677183
048200 0.6890185475 0.4886669815 0.7041325569 0.5030058622
048565 0.7942870855 0.4388984442 0.8056623340 0.4519377053
048586 0.7584618926 0.2389321327 0.8216147423 0.3014321327
049382 0.7121679783 0.4719125926 0.7202144265 0.4816228151
050116 0.8053368926 0.3815102577 0.8483072519 0.4264322817
050523 0.4453125000 0.4785156250 0.4804687500 0.5273437500
051076 0.7024756074 0.3593750000 0.7324218750 0.3886718750
051389 0.5917968750 0.3339843750 0.6236978769 0.3645833433
051859 0.0346936509 0.4555151463 0.0494706072 0.4754317403
052240 0.7049560547 0.4877265692 0.7130007148 0.4957719147
005288 0.5299462676 0.4029946327 0.5540364981 0.4270833433
053176 0.8940185308 0.3293960094 0.9281219244 0.3677610457
053500 0.9148584008 0.5453711152 0.9250621796 0.5575151443
053912 0.9036474824 0.4225258827 0.9342447519 0.4524739683
054085 0.7285156250 0.4049477577 0.7454443574 0.4238279760
054864 0.9784911871 0.4124692380 0.9894120097 0.4266036153
056247 0.1168046892 0.3686044812 0.1397824734 0.3973269165
056334 0.4375000000 0.3997397423 0.4641925693 0.4257812500
056537 0.2514648438 0.4497070312 0.2719726562 0.4736328125
056576 0.5039062500 0.4186196327 0.5221353769 0.4375000000
057064 0.8090820312 0.4638671875 0.8232421875 0.4780273438
057526 0.2607421875 0.3090820312 0.3217773438 0.3710937500
058029 0.5981933475 0.4795273542 0.6075300574 0.4884760380
058380 0.9577099681 0.4708769619 0.9755955935 0.4877977967
058771 0.3891601562 0.3354492188 0.4174804688 0.3627929688
058978 0.3270200193 0.4195366204 0.3411543965 0.4323858917
059005 0.1087753922 0.4375195205 0.1198948249 0.4505724013
059252 0.6803368926 0.2832031250 0.7265625000 0.3326821327
059982 0.4155175686 0.3590302765 0.4442401826 0.3848427236
060522 0.6525927782 0.4774306715 0.6595672369 0.4836309552
060598 0.8645849824 0.4869790077 0.8808593750 0.5032552481
061231 0.8138037324 0.3723959923 0.8352864981 0.3990885317
061275 0.1430664062 0.3818359375 0.1674804688 0.4052734375
061396 0.6263037324 0.4615883827 0.6393228769 0.4759114683
006140 0.3196616173 0.4095053673 0.3365885317 0.4309895933
061461 0.0964936540 0.5107568502 0.1100572273 0.5309071541
061546 0.6106787324 0.3723959923 0.6399739981 0.4010416567
061747 0.0260416511 0.3372397423 0.1106769070 0.4440102577
061756 0.5195312500 0.4134116173 0.5436197519 0.4368489683
061956 0.9350976348 0.3336586952 1.0000000000 0.4464287162
062725 0.5683593750 0.3841147423 0.5911458731 0.4062500000
063327 0.3912758827 0.3541665077 0.4231770933 0.3860677183
063681 0.7526025176 0.4622397423 0.7701822519 0.4785156250
064143 0.8893212676 0.4583334923 0.9036458731 0.4726562500
065016 0.5227881074 0.3776040077 0.5501302481 0.4029947817
066884 0.1959633827 0.3860678673 0.2109375000 0.4088541567
067709 0.0792851597 0.3891748190 0.0918548852 0.4109297991
068109 0.7662743926 0.4557290077 0.7877603769 0.4765625000
068191 0.5004882812 0.4521484375 0.5063476562 0.4584960938
068775 0.1474418938 0.4021137655 0.1618029773 0.4193462431
006947 0.2050781250 0.3424477577 0.2486979067 0.3906248510
069518 0.3033852577 0.2493491173 0.3437500000 0.3190102577
069857 0.2369790077 0.3417968750 0.2649738193 0.3684897423
070343 0.4000576138 0.4927197397 0.4089355469 0.5182439685
070873 0.4456533194 0.4596045017 0.4576667845 0.4735555649
007092 0.8645849824 0.4016928673 0.8906250000 0.4270833433
070995 0.8837890625 0.4707031250 0.9067382812 0.4970703125
071022 0.6868994236 0.4266137779 0.7012963891 0.4413982928
071745 0.7068457007 0.5006836057 0.7215712070 0.5157977343
072001 0.5654101372 0.4718613327 0.5770781040 0.4830966294
073624 0.5839843750 0.4746093750 0.6026089191 0.5001739264
073774 0.9121093750 0.3925781250 0.9433593750 0.4257813990
073838 0.5917968750 0.2309570312 0.6440429688 0.2797851562
074267 0.4720053673 0.4322915077 0.5117187500 0.4843750000
074380 0.0014503418 0.4496054649 0.0091854976 0.4621751606
074380 0.9504541159 0.3993271589 0.9644763470 0.4205986857
074836 0.0459178239 0.4902245998 0.0620860830 0.5093021989
075494 0.5616845489 0.4530346692 0.5681524277 0.4604718685
075952 0.6891406178 0.4738549888 0.6969100833 0.4827328026
076094 0.2021030337 0.5946679711 0.2163312435 0.6092197895
076507 0.7007812262 0.4621093869 0.7363281250 0.5050781369
076649 0.9697265625 0.3027343750 0.9990234375 0.3471679688
007718 0.5454101562 0.4213867188 0.5590820312 0.4360351562
077520 0.6808740497 0.4602685571 0.6876805425 0.4674662650
077841 0.2604165077 0.4628906250 0.2805989683 0.4947916567
077988 0.1883369088 0.4150390625 0.1953125000 0.4289899468
078585 0.3408203125 0.4702148438 0.3945312500 0.5283203125
078589 0.7685546875 0.4506835938 0.7895507812 0.4721679688
008018 0.6416015625 0.4741210938 0.6787109375 0.5087890625
080246 0.5810840130 0.4522006810 0.5896526575 0.4608426392
080416 0.7590722442 0.4526811540 0.7668544650 0.4620189369
080631 0.5371093750 0.3756508827 0.5703125000 0.4082031250
081455 0.7154931426 0.2571616173 0.7701821327 0.3118491173
082461 0.6914062500 0.4785156250 0.7083349824 0.4954427183
082619 0.6536474824 0.4563803673 0.6725260019 0.4752604067
083167 0.9290283322 0.4889306724 0.9432546496 0.5054206848
084269 0.6153320074 0.4894970655 0.6240744591 0.4979971051
084465 0.3136640489 0.4223144650 0.3340361416 0.4426866770
084701 0.3691406250 0.3587241173 0.4140625000 0.4036459923
084820 0.0664062500 0.3574218750 0.1176757812 0.4375000000
085758 0.5768652558 0.4658115208 0.5919882059 0.4809354544
085905 0.7607421875 0.4438476562 0.7949218750 0.4819335938
008714 0.7376318574 0.2174477577 0.7975258827 0.2747397423
087220 0.6341211200 0.4240337014 0.6469726562 0.4413805604
087288 0.9001074433 0.4758310616 0.9108091593 0.4876978397
088320 0.6470556855 0.4950732291 0.6580500603 0.5057429671
088663 0.0714638680 0.4349257946 0.0785777345 0.4455970824
088663 0.8472167850 0.4113202989 0.8572407961 0.4268418849
088735 0.7988281250 0.4716796875 0.8056640625 0.4780273438
088914 0.2193388641 0.4669672847 0.2278645933 0.4816932976
090057 0.2838540077 0.3535156250 0.3138020933 0.4036459923
090375 0.5584521294 0.6742138863 0.5726795197 0.6871507764
090633 0.6907568574 0.4355468750 0.7024739981 0.4479166567
091683 0.0986230448 0.4060952067 0.1092589870 0.4249497056
091987 0.1213452145 0.4404199123 0.1455174834 0.4660426676
009223 0.6627587676 0.4420571327 0.6920556426 0.4694010317
092260 0.9361425638 0.3502045870 0.9649213552 0.3828642666
092382 0.6302685738 0.4458339810 0.6389271021 0.4552668035
092523 0.4799292088 0.4143964946 0.4953484833 0.4323858917
009280 0.8339843750 0.4746093750 0.8503906131 0.4914062619
093260 0.9206689596 0.3687807620 0.9405838847 0.3944798410
093747 0.6263037324 0.2200522423 0.6946616173 0.2819008827
093783 0.1640625000 0.4526367188 0.1777343750 0.4760742188
094665 0.3502602577 0.2805986404 0.4023437500 0.3287760317
094825 0.6829443574 0.4264321327 0.6933593750 0.4368489683
094833 0.6145849824 0.3307290077 0.6536458731 0.3710937500
094893 0.6157226562 0.3862304688 0.6450195312 0.4165039062
095470 0.5629394650 0.4727041125 0.5740130544 0.4852234423
095896 0.0265895501 0.3089223504 0.0662322268 0.3533996940
096188 0.9504541159 0.4143139720 0.9678604603 0.4355855584
096802 0.3195581138 0.3781406283 0.3330948353 0.4070620537
097409 0.6453124881 0.4891162217 0.6541881561 0.4999356568
097625 0.8219384551 0.4751054645 0.8320157528 0.4851810634
098157 0.6196289062 0.4018554688 0.6499023438 0.4306640625
098882 0.4622397423 0.3209633827 0.5019531250 0.3587239683
