001012 0.4116210938 0.2377929688 0.4580078125 0.2792968750
010523 0.7475585938 0.4394531250 0.7651367188 0.4575195312
010570 0.0918432623 0.4448784292 0.1019190401 0.4572792351
000117 0.6914062500 0.3945312500 0.7089843750 0.4121093750
012186 0.2319335938 0.4792866111 0.2396433055 0.4908511639
012253 0.5859375000 0.4716176689 0.5956242085 0.4836309552
012614 0.2558593750 0.1767578125 0.3090820312 0.2226562500
012614 0.4404296875 0.1616210938 0.4980468750 0.2070312500
001301 0.8173828125 0.3774414062 0.8378906250 0.3989257812
013384 0.5403662324 0.4576821327 0.5598958731 0.4785156250
013919 0.6481689215 0.4643456936 0.6596583724 0.4758349657
000143 0.7718164325 0.2854780257 0.8203682899 0.3764760792
014724 0.7010302544 0.4479785264 0.7122706175 0.4603794515
016705 0.9068993926 0.4095053673 0.9348910451 0.4368488193
017655 0.6191406250 0.4575195312 0.6381835938 0.4775390625
001774 0.5107421875 0.3842773438 0.5371093750 0.4106445312
018087 0.6374999881 0.4144531190 0.6472656131 0.4230468869
018536 0.1184443384 0.4152807593 0.1348816454 0.4476717412
018605 0.9203711152 0.4646420777 0.9296720028 0.4758804739
018660 0.1373696327 0.3066406250 0.1783854067 0.3502604067
001935 0.8183593750 0.5397118926 0.8313802481 0.5527343750
019630 0.4692382812 0.3632812500 0.4809570312 0.3754882812
019691 0.3697915077 0.4589843750 0.3873697817 0.4772135317
020038 0.8374023438 0.3569335938 0.8540039062 0.3754882812
020038 0.8896484375 0.3642578125 0.9047851562 0.3818359375
020224 0.6455078125 0.3149414062 0.6782226562 0.3471679688
020968 0.8950195312 0.1220703125 0.9448242188 0.1870117188
020968 0.2680664062 0.4301757812 0.3071289062 0.4750976562
021032 0.6894531250 0.3437500000 0.7089843750 0.3626302183
021651 0.8600243926 0.4921875000 0.8821614981 0.5149739981
022069 0.7543945312 0.3554687500 0.7792968750 0.3813476562
022183 0.6483593583 0.4483310580 0.6600119472 0.4599831402
022433 0.6452295184 0.4599916935 0.6599048376 0.4732943773
022647 0.5786132812 0.4843750000 0.5952148438 0.5014648438
023140 0.6846777201 0.3546875119 0.7097663283 0.3832031190
023738 0.6445312500 0.4467773438 0.6728515625 0.4746093750
023842 0.1318359375 0.4770507812 0.1611328125 0.5131835938
024019 0.4710937440 0.4214843810 0.4820312560 0.4320312440
024352 0.2968364358 0.4409033060 0.3147238791 0.4612082541
002443 0.6284179688 0.4638671875 0.6499023438 0.4853515625
026112 0.1049804688 0.4731445312 0.1206054688 0.4916992188
026212 0.6568993926 0.3710937500 0.7259116173 0.4414062500
026234 0.9687500000 0.4726562500 0.9769531488 0.4824218750
026446 0.2832031250 0.4726562500 0.2919921875 0.4926757812
029251 0.7661132812 0.4633789062 0.7812500000 0.4809570312
029347 0.9029931426 0.2721352577 0.9498697519 0.3300781250
029593 0.7157568336 0.4611542821 0.7281590700 0.4758804739
029597 0.9199218750 0.4975585938 0.9267578125 0.5053710938
029614 0.9658203125 0.3510742188 0.9921875000 0.3833007812
003015 0.9458007812 0.4184570312 0.9838867188 0.4633789062
030328 0.5615234375 0.4711914062 0.5854492188 0.4975585938
031007 0.2434897423 0.5351562500 0.2558593750 0.5748697519
031158 0.5286474824 0.4557290077 0.5397135019 0.4687500000
031262 0.8980566263 0.3887099624 0.9210324883 0.4145603478
031483 0.0070672361 0.3450092673 0.0391910151 0.3931949139
031728 0.4028320312 0.3466796875 0.4267578125 0.3701171875
031728 0.4804687500 0.3461914062 0.5053710938 0.3696289062
031784 0.4509038031 0.4226010740 0.4617063999 0.4327554703
003178 0.0483398438 0.4814453125 0.0629882812 0.5009765625
031801 0.3390625119 0.2617187500 0.3761718869 0.2964843810
032571 0.0416666493 0.4648437500 0.0533853993 0.4830729067
033477 0.7880859375 0.2788085938 0.8393554688 0.3300781250
003448 0.0800781250 0.4658203125 0.0878906250 0.4762368202
035161 0.7511718869 0.3683593869 0.7656250000 0.3843750060
035769 0.6393212676 0.4889306724 0.6536458731 0.5032552481
036477 0.7753906250 0.4505317509 0.8046875000 0.4829470813
037145 0.6868506074 0.3457031250 0.7291666269 0.3867187500
037446 0.9437939525 0.3148129880 0.9887695312 0.3662109375
037451 0.6480468512 0.3628906310 0.6644531488 0.3792968690
038142 0.3891601562 0.3710937500 0.4052734375 0.3857421875
038167 0.9033203125 0.4731445312 0.9228515625 0.5000000000
038199 0.0014648438 0.3041992188 0.0302734375 0.3559570312
038273 0.5685351491 0.4829633832 0.5786858201 0.4926322699
038527 0.9760742188 0.4658203125 0.9936523438 0.4897460938
038609 0.8969726562 0.4477539062 0.9086914062 0.4667968750
038836 0.5071631074 0.4036459923 0.5312500000 0.4270833433
040087 0.0649414062 0.4609375000 0.0756835938 0.4741210938
004107 0.6564648151 0.4696801901 0.6618923545 0.4766555130
041129 0.8661181927 0.4681298733 0.8816189170 0.4840184450
041440 0.4641928673 0.4524741173 0.4856770933 0.4752604067
041771 0.6360693574 0.3873696327 0.6569010019 0.4082031250
042060 0.0186011717 0.4534038007 0.0298394039 0.4689050317
042329 0.5419921875 0.4394531250 0.5546875000 0.4536132812
004317 0.5000000000 0.5039062500 0.5208333731 0.5240885019
043326 0.4546875060 0.3957031369 0.4695312381 0.4105468690
004348 0.3808593750 0.4389648438 0.3964843750 0.4550781250
043600 0.1197451204 0.4565044045 0.1285968274 0.4677424431
044151 0.4401040077 0.3932290077 0.4641927183 0.4173175693
044916 0.7858056426 0.4472656250 0.8144531250 0.4778645933
044983 0.7623681426 0.2916665077 0.7897135019 0.3203125000
045417 0.3736977577 0.4075522423 0.3912760317 0.4238281250
045417 0.1529946327 0.3736977577 0.1666666567 0.3886718750
045939 0.7075195312 0.4633789062 0.7246093750 0.4819335938
046127 0.1206054688 0.1113281250 0.1992187500 0.1899414062
046278 0.4441406131 0.3980468810 0.4593749940 0.4128906131
046346 0.9309667945 0.4633823335 0.9393755198 0.4763167500
046674 0.6542968750 0.3754882812 0.6767578125 0.3984375000
046729 0.7215722799 0.4007006884 0.7502480149 0.4286024272
047556 0.6376953125 0.4160156250 0.6542968750 0.4340820312
047787 0.5493164062 0.4145507812 0.5703125000 0.4331054688
048397 0.8722656369 0.4824218750 0.8894531131 0.5015624762
004902 0.5875097513 0.4117187560 0.5978102088 0.4234375060
049049 0.8609374762 0.3101562560 0.8804687262 0.3320312500
049474 0.5345068574 0.4427084923 0.5520833731 0.4609375000
050648 0.0048828125 0.4648437500 0.0149739748 0.4759114683
050732 0.4225327075 0.4278505743 0.4418703616 0.4457379282
051071 0.4042968750 0.3476562500 0.4285156131 0.3699218631
051217 0.6061181426 0.4466147423 0.6269531250 0.4687500000
051306 0.4443359375 0.4013671875 0.4570312500 0.4145507812
051997 0.2897133827 0.4114584923 0.3203125000 0.4466145933
052127 0.7181006074 0.4863281250 0.7389322519 0.5065103769
052304 0.7377929688 0.4067382812 0.7529296875 0.4223632812
052333 0.8754882812 0.2963867188 0.9067382812 0.3354492188
052335 0.1373696327 0.3261718750 0.1901040077 0.3776040077
052667 0.6730468869 0.3679687381 0.6886718869 0.3843750060
052777 0.4449218810 0.4503906369 0.4546875060 0.4613281190
052777 0.4761718810 0.4499999881 0.4867187440 0.4601562619
053003 0.6242187619 0.3945312500 0.6359375119 0.4062500000
053304 0.3132812381 0.1554687470 0.3691406250 0.2011718750
053642 0.6206054688 0.4672851562 0.6513671875 0.4980468750
054267 0.3203125000 0.3873696327 0.3346354067 0.4016927183
055241 0.5989599824 0.3971352577 0.6093750000 0.4075522423
055241 0.6383447051 0.3994140625 0.6487630606 0.4095052183
055359 0.4205727577 0.3098959923 0.4544270933 0.3404947817
055813 0.7739257812 0.3120117188 0.8081054688 0.3476562500
055829 0.6888037324 0.3782553673 0.7194010019 0.4088541567
056320 0.6557617188 0.4838867188 0.6650390625 0.4936523438
058323 0.5985497832 0.4698496163 0.6088964343 0.4814905822
058771 0.4492187500 0.3271484375 0.4775390625 0.3540039062
058835 0.0781250000 0.3736977577 0.1048178747 0.4199218750
059350 0.7895507812 0.4829101562 0.8076171875 0.5019531250
059515 0.1904296875 0.4497070312 0.2084960938 0.4697265625
059877 0.5981445312 0.4814453125 0.6083984375 0.4916992188
059977 0.2135263681 0.4599916935 0.2243768573 0.4720052183
060784 0.5327148438 0.0273437500 0.6113281250 0.0771484375
060928 0.5618506074 0.4746093750 0.5709635019 0.4837239683
061672 0.7395849824 0.4075522423 0.7545572519 0.4238281250
061811 0.1804687530 0.4375000000 0.2195312530 0.5027343631
061901 0.0744506866 0.4394531250 0.0870204121 0.4549234509
006195 0.8509131074 0.2519531250 0.8808593750 0.2838541567
062036 0.5966796875 0.3271484375 0.6162109375 0.3471679688
062247 0.5146484375 0.3251953125 0.5610351562 0.3710937500
062818 0.5514306426 0.3183593750 0.5885416269 0.3515625000
062847 0.6538085938 0.4843750000 0.6699218750 0.5004882812
063112 0.5053710938 0.4316406250 0.5209960938 0.4497070312
063201 0.5890625119 0.4214843810 0.5976562500 0.4296875000
064371 0.6048193574 0.4264321327 0.6236978769 0.4453125000
065090 0.5945312381 0.4050781131 0.6042968631 0.4144531190
006704 0.8457031250 0.3955078125 0.8588867188 0.4130859375
067215 0.4145507812 0.3906250000 0.4301757812 0.4062500000
067215 0.6625976562 0.4785156250 0.6752929688 0.4912109375
067315 0.2031250000 0.4752602577 0.2187500000 0.5058593750
068158 0.6605468988 0.4894531369 0.6730468869 0.5019531250
068474 0.7846338153 0.3872407079 0.8170250654 0.4191483259
068678 0.2192382812 0.2426757812 0.2719726562 0.2934570312
006885 0.8940429688 0.3666992188 0.9453125000 0.4228515625
006892 0.8431006074 0.5332031250 0.8782552481 0.5690103769
069096 0.1938476562 0.4218750000 0.2138671875 0.4663085938
069264 0.1933974624 0.3398818374 0.2173330039 0.3791360259
069482 0.7402343750 0.4166665077 0.7526041269 0.4309895933
069666 0.3007812500 0.4643554688 0.3085937500 0.4731445312
006999 0.0813803747 0.2994790077 0.1002603993 0.3281250000
006999 0.1373696327 0.3216147423 0.1516927183 0.3463541567
070437 0.8074218631 0.4546875060 0.8414062262 0.4902343750
070719 0.0468750000 0.1184897497 0.0898437500 0.1718750000
071783 0.2421875000 0.3979492188 0.2597656250 0.4155273438
071807 0.6334618926 0.3795571327 0.6484375000 0.3938802183
072078 0.6072509885 0.4634794891 0.6184896231 0.4751054347
007219 0.6719531417 0.4730830193 0.6780965328 0.4785803258
072478 0.5989599824 0.4368491173 0.6210937500 0.4570312500
072550 0.0302269533 0.4627045989 0.0430152342 0.4774305522
073019 0.1338730454 0.4562680721 0.1416338831 0.4695260823
073110 0.5996093750 0.4036459923 0.6113281250 0.4153645933
073956 0.1911508739 0.4708032310 0.2016934603 0.4821777344
000739 0.6127929688 0.3964843750 0.6230468750 0.4067382812
000073 0.0097656250 0.2075195312 0.0400390625 0.2456054688
074148 0.5950537324 0.3899741173 0.6158853769 0.4095052183
075067 0.2988281250 0.0885415003 0.3782553673 0.1471352577
075545 0.9208984375 0.4545898438 0.9360351562 0.4702148438
076837 0.5642383099 0.4340278208 0.5766369104 0.4464285672
007718 0.7333984375 0.4243164062 0.7729492188 0.4643554688
077276 0.6673193574 0.4856772423 0.6809896231 0.5006510019
007736 0.8209618926 0.4322915077 0.8639322519 0.4882812500
077520 0.5962499976 0.4431494176 0.6094761491 0.4575448334
078678 0.6657665968 0.4317026436 0.6851438284 0.4526289403
078923 0.5384131074 0.4602866173 0.5618489981 0.4856770933
079023 0.3541665077 0.4589843750 0.3730468750 0.4791666567
079487 0.8294287324 0.4518227577 0.8671875000 0.4895833433
080188 0.9843750000 0.4604492188 0.9985351562 0.4770507812
080631 0.6901025176 0.4641928673 0.7167968750 0.4902343750
080709 0.4523437619 0.4078125060 0.4660156369 0.4207031131
081589 0.3842016459 0.4150390625 0.4054016173 0.4400955141
008169 0.3914062381 0.2703124881 0.4191406369 0.2960937619
082136 0.8632812500 0.1132812500 0.9427084923 0.1764321327
082411 0.8852539062 0.3374023438 0.9042968750 0.3603515625
082469 0.8190087676 0.4544272423 0.8391927481 0.4778645933
082925 0.6932324171 0.4407382905 0.7125051022 0.4600123465
083828 0.7688818574 0.4733071327 0.7786458731 0.4843750000
083895 0.6235253811 0.4483662248 0.6390284300 0.4638671875
084476 0.3950195312 0.3735351562 0.4223632812 0.4018554688
084574 0.6723632812 0.4340820312 0.6894531250 0.4501953125
084586 0.6941406131 0.4867187440 0.7093750238 0.5023437738
084783 0.8821631074 0.3177084923 0.9016927481 0.3417968750
085076 0.0121093746 0.4579892457 0.0327645987 0.4817175865
085447 0.4160156250 0.4108071327 0.4296875000 0.4225260317
085447 0.4570312500 0.4088540077 0.4707031250 0.4218750000
086247 0.6342822313 0.4500888586 0.6468517780 0.4655592144
086335 0.2667968869 0.2089843750 0.3046875000 0.2425781190
086537 0.6508789062 0.4472656250 0.6630859375 0.4599609375
087018 0.1879882812 0.4042968750 0.2138671875 0.4355468750
008753 0.6770849824 0.3847656250 0.7057291269 0.4147135317
008793 0.5683593750 0.4750976562 0.5791015625 0.4858398438
088015 0.4355659187 0.4656889737 0.4484410286 0.4778354466
088027 0.9321289062 0.2153320312 0.9663085938 0.2568359375
088267 0.6103515625 0.4565044045 0.6231399179 0.4704551399
088333 0.6762695312 0.4482421875 0.6972656250 0.4687500000
088783 0.0572915040 0.4394531250 0.0872396007 0.4830729067
089304 0.6315087676 0.4016928673 0.6627603769 0.4316406250
008970 0.1885444373 0.4882812500 0.2059483379 0.5168045759
089845 0.7558593750 0.3886718750 0.8138022423 0.4492187500
089987 0.6414697170 0.4700903296 0.6491268277 0.4815793335
090677 0.7236328125 0.4731445312 0.7500000000 0.5014648438
090717 0.2714843750 0.4394531250 0.2975260317 0.4694010317
091027 0.3452846706 0.2987817526 0.3751244247 0.3262959123
091569 0.7882275581 0.4751054645 0.8014012575 0.4882812500
091792 0.8789062500 0.4612080157 0.8880917430 0.4723275006
092518 0.7158203125 0.4448242188 0.7329101562 0.4604492188
092518 0.5976562500 0.4775390625 0.6044921875 0.4853515625
093103 0.6152343750 0.3873696327 0.6438802481 0.4160156250
093332 0.7067236304 0.4233911037 0.7285670638 0.4458778799
093382 0.9420556426 0.5371093750 0.9518228769 0.5488281250
093521 0.0250565428 0.4458779395 0.0353361331 0.4612972736
009389 0.5953173637 0.4630585909 0.6063095331 0.4746999145
094481 0.0000000000 0.4747446179 0.0140199708 0.4964998662
094665 0.4049477577 0.2766928673 0.4589843750 0.3268227577
094874 0.5637451410 0.4644218683 0.5726207495 0.4735773504
094932 0.2218691409 0.4670732319 0.2372062951 0.4848632812
000962 0.6098632812 0.3920898438 0.6376953125 0.4184570312
097776 0.5439453125 0.2871093750 0.5913085938 0.3334960938
098129 0.5715966821 0.4638671875 0.5808996558 0.4739428163
098237 0.7311181426 0.3033852577 0.7643228769 0.3365885317
