010214 0.9250195026 0.3956626058 0.9420728087 0.4181392491
010434 0.0865883753 0.3815102577 0.1048177257 0.4160156250
010686 0.7181006074 0.5494775176 0.7324218750 0.5651009083
001130 0.5201904178 0.4128637612 0.5400100350 0.4331683218
011335 0.0981445312 0.4003906250 0.1157226562 0.4296875000
011620 0.7465820312 0.4194335938 0.7836914062 0.4570312500
011623 0.3076171875 0.4096679688 0.3212890625 0.4272460938
012000 0.2994790077 0.4140625000 0.3281248510 0.4427080452
012004 0.5961914062 0.3027343750 0.6538085938 0.3603515625
012982 0.9645507932 0.5320703387 0.9839272499 0.5541604757
013059 0.5618506074 0.5195312500 0.5794271231 0.5377603769
000143 0.4081035256 0.4669189453 0.4172586799 0.4769064486
014459 0.1351665109 0.4452739358 0.1438974589 0.4559447169
014505 0.6113281250 0.4301757812 0.6254882812 0.4448242188
014553 0.7797851562 0.3940429688 0.8100585938 0.4277343750
014625 0.2080078125 0.4780273438 0.2148437500 0.4858398438
015520 0.2078823298 0.4065786004 0.2252861857 0.4264000356
015766 0.5178369284 0.4555151463 0.5306854248 0.4696494639
015987 0.6106787324 0.5065087676 0.6386718750 0.5351562500
016184 0.8032226562 0.3579101562 0.8408203125 0.3974609375
016814 0.8417968750 0.4778647423 0.8658853769 0.5026041269
001731 0.3999023438 0.3276367188 0.4497070312 0.3759765625
001774 0.7475585938 0.4682617188 0.7675781250 0.4897460938
018096 0.2763671875 0.2319335938 0.3251953125 0.2812500000
018203 0.0278320312 0.4379882812 0.0444335938 0.4541015625
018397 0.7875341773 0.4041616321 0.8059037328 0.4234993756
018716 0.8427734375 0.4282226562 0.8583984375 0.4443359375
018733 0.4916992188 0.4794921875 0.5000000000 0.4892578125
001883 0.0537109375 0.4531250000 0.0742187500 0.4794921875
019471 0.6391162276 0.4573408067 0.6487855911 0.4674933553
001951 0.6705029011 0.4493603408 0.6784647703 0.4589134753
001978 0.7500000000 0.3802084923 0.7838541269 0.4147135317
019801 0.6523437500 0.4584960938 0.6665039062 0.4726562500
019862 0.7220068574 0.4602866173 0.7460937500 0.4837239683
019862 0.4049477577 0.4889306724 0.4147135317 0.4993489683
020781 0.8105468750 0.2802734375 0.8432617188 0.3164062500
020831 0.2207031250 0.3652343750 0.2591145933 0.4055989683
020942 0.5384131074 0.4205727577 0.5546875000 0.4381510317
020986 0.5419921875 0.3725585938 0.5708007812 0.4018554688
021294 0.0535815433 0.3729086816 0.0725942403 0.4014272988
021529 0.6347656250 0.3696289062 0.6669921875 0.4038085938
002170 0.8208007812 0.4653320312 0.8300781250 0.4750976562
021919 0.7382812500 0.3920898438 0.7685546875 0.4243164062
022673 0.7200537324 0.1764321327 0.7923178673 0.2467446327
023019 0.8010693192 0.3978764713 0.8237805367 0.4230159223
023068 0.9707617164 0.4365522563 0.9828503728 0.4539565444
002315 0.8964843750 0.3403320312 0.9272460938 0.3759765625
023842 0.2211914062 0.3378906250 0.2348632812 0.3701171875
024178 0.5173828006 0.4601484239 0.5248214602 0.4682326317
024348 0.6962890625 0.4013671875 0.7216796875 0.4272460938
002443 0.5839843750 0.3549804688 0.6108398438 0.3803710938
024448 0.6000976562 0.4287109375 0.6240234375 0.4531250000
025217 0.7102441192 0.4406201243 0.7209443450 0.4526814520
025220 0.4734062552 0.4210214913 0.4876345098 0.4365424812
025260 0.8608398438 0.4682617188 0.9003906250 0.5122070312
025279 0.6822900176 0.3899741173 0.7083333731 0.4166666567
025287 0.7314453125 0.3129882812 0.7788085938 0.3598632812
025418 0.0742187500 0.3300781250 0.1152343750 0.3818359375
025641 0.6567382812 0.4321289062 0.6865234375 0.4624023438
025823 0.4857114255 0.2300063521 0.5563837886 0.2948960066
025886 0.1809897423 0.4407553673 0.2115885317 0.4850264788
026206 0.4985595644 0.4195366204 0.5178350806 0.4388108850
026243 0.5795702934 0.4504218698 0.5882373452 0.4596212506
002706 0.7311181426 0.4583334923 0.7415364981 0.4694010317
027094 0.5147949457 0.4540044069 0.5241747499 0.4637055099
027510 0.1499023438 0.5058593750 0.1689453125 0.5332031250
028256 0.7527343631 0.4605468810 0.7601562738 0.4667968750
028356 0.7744628787 0.5626562238 0.7877188921 0.5775300264
028410 0.3339843750 0.4379882812 0.3491210938 0.4541015625
028808 0.5048828125 0.4204101562 0.5214843750 0.4370117188
028808 0.5566406250 0.4868164062 0.5678710938 0.4990234375
029313 0.5064697266 0.3484985232 0.5438144207 0.3839230835
030328 0.3657226562 0.3432617188 0.3979492188 0.3730468750
030328 0.7080078125 0.3388671875 0.7353515625 0.3671875000
030437 0.7708349824 0.4472656250 0.8085937500 0.4856770933
031311 0.4069008827 0.4869790077 0.4270833433 0.5071614981
031779 0.7285156250 0.4186196327 0.7467447519 0.4361977577
033182 0.5261865258 0.4561577141 0.5409641862 0.4722193778
033520 0.5721288919 0.4581284225 0.5795188546 0.4661045372
033565 0.9095068574 0.3750000000 0.9420572519 0.4127604067
034520 0.6884765625 0.3764648438 0.7163085938 0.4052734375
034729 0.5422949195 0.4547929764 0.5524479747 0.4647316039
035059 0.6572265625 0.4096679688 0.6982421875 0.4501953125
003545 0.6165381074 0.4674477577 0.6380208731 0.4889322817
035507 0.5061084032 0.4332529306 0.5219959021 0.4491412938
035769 0.6492187381 0.5027343631 0.6625000238 0.5164062381
035824 0.8710937500 0.2763671875 0.9101562500 0.3237304688
035857 0.6621093750 0.3881835938 0.7114257812 0.4399414062
035954 0.0903320312 0.3710937500 0.1123046875 0.4052734375
036006 0.7239599824 0.4492187500 0.7701822519 0.4954427183
036686 0.6197900176 0.5449218750 0.6497396231 0.5755192637
036902 0.7076806426 0.4804687500 0.7337239981 0.5052083731
037104 0.5766601562 0.3784179688 0.6005859375 0.4033203125
037104 0.5449218750 0.5000000000 0.5522460938 0.5092773438
037789 0.3452846706 0.4522412121 0.3565227985 0.4630921483
038175 0.7471044660 0.4290151298 0.7594896555 0.4436990619
038723 0.6653662324 0.4264321327 0.6835937500 0.4459635317
004059 0.7763671875 0.4370117188 0.7998046875 0.4604492188
041091 0.7889111042 0.3331801891 0.8272062540 0.3714767992
041097 0.7409472466 0.4158139527 0.7579985261 0.4328651726
041129 0.7335839868 0.4119389653 0.7475357056 0.4266648889
041415 0.2714843750 0.3841147423 0.2955729067 0.4101562500
041568 0.6411132812 0.5078125000 0.6499023438 0.5166015625
041568 0.7202148438 0.3994140625 0.7412109375 0.4213867188
041959 0.2124023438 0.3305664062 0.2402343750 0.3657226562
042209 0.0937500000 0.4733071327 0.1158853993 0.4993489683
042593 0.7719726562 0.3559570312 0.7934570312 0.3774414062
042709 0.3586118221 0.3460004926 0.3679894507 0.3815707862
042818 0.3218803704 0.3276625872 0.3405121565 0.3713508248
043792 0.8222656250 0.4550781250 0.8286132812 0.4619140625
044678 0.3632812500 0.4794921875 0.3837890625 0.5004882812
044708 0.9678906202 0.5939013958 0.9781535864 0.6064597964
046180 0.5255078077 0.4732944369 0.5332418084 0.4810295403
046601 0.4433593750 0.3906250000 0.4648437500 0.4121093750
046630 0.8014160395 0.4689980447 0.8095578551 0.4781975150
047168 0.5762402415 0.4080869257 0.5953173041 0.4281353652
047375 0.7617187500 0.2719726562 0.7993164062 0.3120117188
004809 0.4829101562 0.4350585938 0.4965820312 0.4501953125
048126 0.6986572146 0.4511137605 0.7086163759 0.4603447616
004849 0.5419921875 0.4516601562 0.5493164062 0.4624023438
049760 0.3554687500 0.4016928673 0.3769531250 0.4361979067
049924 0.0286458489 0.2486977577 0.0670572743 0.3014321327
049945 0.5620117188 0.3662109375 0.5971679688 0.4008789062
000505 0.0292968750 0.3994140625 0.0468750000 0.4218750000
051290 0.5951220989 0.4413867295 0.6076925993 0.4554068744
052333 0.8002929688 0.2871093750 0.8383789062 0.3251953125
052429 0.7343750000 0.4648437500 0.7470703125 0.4790039062
052429 0.7558593750 0.3867187500 0.7739257812 0.4067382812
000527 0.0649414062 0.3510742188 0.1064453125 0.3999023438
052872 0.6171875000 0.3483071327 0.6692709923 0.3971352577
053149 0.8209618926 0.4498696327 0.8600260019 0.4895831943
053326 0.7543945312 0.3754882812 0.7797851562 0.4018554688
005332 0.3525390625 0.3906250000 0.3720703125 0.4116210938
053500 0.5602294803 0.4541445374 0.5680050254 0.4623547792
053566 0.3274741173 0.0540366210 0.3795571327 0.0846353993
054339 0.4342446327 0.3274741173 0.4720053673 0.3645836413
054487 0.3081054688 0.4531250000 0.3251953125 0.4848632812
054531 0.7226562500 0.4750976562 0.7539062500 0.5053710938
005463 0.5670556426 0.3391928673 0.6015625000 0.3743489683
054749 0.6552734375 0.4497070312 0.6635742188 0.4604492188
005491 0.8027343750 0.3920898438 0.8486328125 0.4394531250
054934 0.8645654321 0.4266650379 0.8804544210 0.4437159300
055237 0.7207031250 0.4680991173 0.7558593750 0.5013021231
055385 0.8733886480 0.4697880745 0.8810150623 0.4785480499
055540 0.3579101562 0.4443359375 0.3735351562 0.4614257812
056010 0.3046875000 0.3997397423 0.3281251490 0.4244791567
056010 0.7708349824 0.3997397423 0.7968750000 0.4264322817
056245 0.7709863186 0.4175361395 0.7840242982 0.4316849709
056587 0.9453125000 0.4033203125 0.9555664062 0.4169921875
056711 0.8763037324 0.1868491173 0.9361977577 0.2460937500
057488 0.9258056879 0.3591435552 0.9540753961 0.3931950331
057771 0.0312500000 0.3413085938 0.0566406250 0.3784179688
059031 0.8813476562 0.4677734375 0.8930664062 0.4804687500
059240 0.6538281441 0.4555996060 0.6618035436 0.4631863236
059271 0.8281250000 0.3901367188 0.8598632812 0.4233398438
005982 0.6679687500 0.4322915077 0.6914062500 0.4570312500
005992 0.5590820312 0.3808593750 0.5834960938 0.4062500000
005992 0.6254882812 0.4799804688 0.6406250000 0.4951171875
006017 0.7187500000 0.4407553673 0.7350260019 0.4576822817
060380 0.5878857374 0.4440527260 0.5981445312 0.4544907808
060478 0.8483056426 0.3444008827 0.8750000000 0.3723958433
060655 0.8964843750 0.4759116173 0.9355468750 0.5208333731
060727 0.7766943574 0.4322915077 0.8007812500 0.4563802183
060727 0.9557275176 0.4550781250 0.9843750000 0.4915364683
061039 0.6547851562 0.4711914062 0.6694335938 0.4877929688
061383 0.0034179688 0.2680664062 0.0449218750 0.3305664062
062818 0.8424462676 0.3971352577 0.8808593750 0.4401041567
063120 0.1712241173 0.3606772423 0.1861979067 0.3886718750
063276 0.3145522475 0.4612133801 0.3235748112 0.4714744687
063702 0.7827148438 0.3129882812 0.8164062500 0.3525390625
063799 0.5095947385 0.4468159080 0.5208333731 0.4588293433
063839 0.5507812500 0.4791665077 0.5579427481 0.4876302183
063993 0.7856445312 0.4418945312 0.8203125000 0.4824218750
064248 0.1197626963 0.5577588081 0.1287507862 0.5701473355
065004 0.5553368926 0.3951821327 0.5794239044 0.4186197817
065419 0.4498696327 0.4524741173 0.4602864683 0.4635416567
065840 0.0263671875 0.4541015625 0.0502929688 0.4873046875
065857 0.5690087676 0.4485678673 0.5820312500 0.4609375000
006764 0.4936523438 0.3862304688 0.5131835938 0.4072265625
067754 0.5715966821 0.4530166090 0.5805121660 0.4634796381
068158 0.6667968631 0.5007812381 0.6785156131 0.5124999881
068228 0.6264111400 0.3495063484 0.6585372090 0.3797029257
068667 0.7174462676 0.4947900474 0.7382812500 0.5149739981
069609 0.6484375000 0.4505209923 0.6575521231 0.4602864683
069928 0.5170898438 0.3632812500 0.5463867188 0.3925781250
069928 0.5786132812 0.4804687500 0.5922851562 0.4956054688
000701 0.7630224824 0.4570312500 0.7812500000 0.4765625000
070995 0.5844726562 0.4829101562 0.5932617188 0.4936523438
071290 0.6900195479 0.4317436516 0.7035105228 0.4471628368
071412 0.6460058689 0.4472036064 0.6560794711 0.4580543041
071597 0.4722192287 0.2891137600 0.5274721384 0.3398696184
071783 0.2246093750 0.3974609375 0.2421875000 0.4155273438
072383 0.5498046875 0.3442382812 0.5786132812 0.3740234375
072446 0.6113281250 0.3818359375 0.6372070312 0.4067382812
072895 0.4003906250 0.4560546875 0.4077148438 0.4648437500
073379 0.7744140625 0.3920898438 0.8164062500 0.4311523438
073576 0.6518554688 0.3374023438 0.6860351562 0.3720703125
074070 0.8610205054 0.3988437355 0.8827790022 0.4225324690
007433 0.3369140625 0.2114257812 0.4135742188 0.2807617188
074450 0.8151025176 0.4218750000 0.8502603769 0.4589843750
074668 0.6005859375 0.4335937500 0.6132812500 0.4472656250
074841 0.2607421875 0.3955078125 0.2783203125 0.4145507812
075322 0.5716162324 0.1438803673 0.6608071327 0.2180991173
076076 0.5439453125 0.3227539062 0.5688476562 0.3447265625
076434 0.4472656250 0.4055991173 0.4667968750 0.4244791567
076874 0.6722216606 0.2924135625 0.7157781124 0.3337511718
077107 0.9485693574 0.4381508827 0.9628906250 0.4602864683
077600 0.8461914062 0.3491210938 0.8764648438 0.3847656250
078061 0.7329101562 0.4833984375 0.7416992188 0.4936523438
078534 0.7812500000 0.4817709923 0.8209635019 0.5208333731
078552 0.5123095512 0.4472036064 0.5227709413 0.4588293433
078591 0.6235351562 0.3901367188 0.6484375000 0.4150390625
079332 0.3504135609 0.3456264734 0.4193476439 0.5122168064
079381 0.5152636766 0.4388105571 0.5274722576 0.4535875916
079441 0.6054687500 0.4086914062 0.6220703125 0.4267578125
079441 0.6220703125 0.4750976562 0.6333007812 0.4873046875
079487 0.4680991173 0.4674477577 0.4778644443 0.4791666567
008012 0.0023251465 0.4289897382 0.0104631837 0.4425533116
080152 0.9194335938 0.4189453125 0.9497070312 0.4526367188
080265 0.3632812500 0.4306640625 0.3745117188 0.4438476562
080394 0.6061718464 0.3851782084 0.6312655807 0.4096893668
080998 0.8365868926 0.4752602577 0.8736978769 0.5123697519
081111 0.2714843750 0.4226562381 0.2949218750 0.4464843869
081111 0.6458349824 0.3567709923 0.6744791269 0.3841145933
082401 0.6093750000 0.3647460938 0.6440429688 0.3994140625
082506 0.4557290077 0.3795571327 0.4817708433 0.4036458433
082600 0.1406250000 0.3815102577 0.1608072817 0.4114583433
083050 0.7758789062 0.3520507812 0.8110351562 0.3872070312
008320 0.2592773438 0.3530273438 0.2817382812 0.3764648438
083638 0.7929687500 0.4238281250 0.8281250000 0.4609375000
083777 0.1381835938 0.3613281250 0.1816406250 0.4130859375
083786 0.6665039062 0.3505859375 0.6909179688 0.3754882812
084294 0.5416650176 0.3730468750 0.5690103769 0.3977864683
084476 0.6430664062 0.4497070312 0.6660156250 0.4721679688
084586 0.7050781250 0.5015624762 0.7183593512 0.5152343512
084669 0.4633789062 0.4355468750 0.4877929688 0.5175781250
084963 0.2434897423 0.4108071327 0.2604166567 0.4277343750
086090 0.5859375000 0.4396958053 0.5978408456 0.4508701563
086532 0.6647412181 0.4418701231 0.6758717895 0.4544399977
086579 0.7773437500 0.3333334923 0.8157536387 0.3743489683
008661 0.5564892292 0.4301523566 0.5692739487 0.4452658296
086665 0.4765625000 0.4262695312 0.4912109375 0.4409179688
087275 0.5458984375 0.4125976562 0.5639648438 0.4296875000
087328 0.5149756074 0.3808593750 0.5397135019 0.4055989683
087349 0.6191406250 0.3989257812 0.6474609375 0.4272460938
088619 0.5405663848 0.4571699202 0.5507231951 0.4671081901
088999 0.3666992188 0.3090820312 0.4086914062 0.3510742188
089137 0.7973632812 0.3618164062 0.8125000000 0.3833007812
089213 0.5027831793 0.4027109444 0.5269569755 0.4268834889
089453 0.7880859375 0.3627929688 0.8144531250 0.3930664062
089845 0.7558593750 0.3248696327 0.8111992478 0.3847656250
090227 0.7617187500 0.4036459923 0.7962239981 0.4394531250
090889 0.7617187500 0.4042968750 0.7934570312 0.4355468750
090960 0.2788085938 0.4199218750 0.2993164062 0.4418945312
090985 0.8383789062 0.4223632812 0.8505859375 0.4360351562
091515 0.5649414062 0.4667968750 0.5776367188 0.4794921875
091569 0.6987060308 0.4289897382 0.7103329301 0.4413907826
091827 0.5156250000 0.1302084923 0.6041665077 0.1979165077
092419 0.2139443308 0.4291733503 0.2255088389 0.4439504445
092673 0.6020263433 0.5698437691 0.6172865033 0.5845494866
093332 0.5673046708 0.4182514548 0.5833675861 0.4349558055
093780 0.6157226562 0.3896484375 0.6342773438 0.4096679688
093888 0.8776025176 0.1276040077 0.9876303673 0.2135415077
094144 0.2532553673 0.0006510401 0.3815102577 0.0735675469
094307 0.9260351658 0.4576723576 0.9318640828 0.4673896134
094910 0.4121093750 0.3920898438 0.4326171875 0.4140625000
095056 0.5448828340 0.4576723576 0.5521708131 0.4652030170
095393 0.5718945265 0.4431259632 0.5837757587 0.4554411173
096525 0.5932617188 0.4423828125 0.6137695312 0.4624023438
096661 0.5549365282 0.4448784292 0.5657870173 0.4572792351
097620 0.6254882812 0.3745117188 0.6474609375 0.3984375000
098439 0.4653320312 0.4033203125 0.4887695312 0.4257812500
098598 0.5551416278 0.4008901417 0.5737295747 0.4200328588
098793 0.5869140625 0.4799804688 0.5966796875 0.4897460938
