011381 0.7089843750 0.4335937500 0.7324218750 0.4570312500
016360 0.5942382812 0.4404296875 0.6108398438 0.4584960938
018073 0.1084760725 0.4818999171 0.1179088354 0.4943844378
018203 0.5029296875 0.4995117188 0.5244140625 0.5292968750
022433 0.6785547137 0.4588295817 0.6913442612 0.4731677771
025226 0.7486962676 0.4661459923 0.7675781250 0.4791666567
026242 0.8033837676 0.3899741173 0.8424478769 0.4309895933
027009 0.1868491173 0.3893227577 0.2246095240 0.4589843750
029315 0.0319010243 0.4361977577 0.0475260243 0.4531250000
029501 0.9036474824 0.3873696327 0.9472656250 0.4537758827
029593 0.7886132598 0.4611542821 0.7986886501 0.4754926860
030205 0.9205712676 0.4798178673 0.9335937500 0.4934895933
031755 0.8645849824 0.4498696327 0.8802083731 0.4680989683
034771 0.8378906250 0.4453125000 0.8691422343 0.4811197817
037468 0.8326806426 0.4134116173 0.8756510019 0.4609375000
044966 0.8821631074 0.4628906250 0.9114583731 0.4915364683
051551 0.4342446327 0.4453125000 0.4505208433 0.4602864683
005288 0.6894531250 0.4765625000 0.7037760019 0.5045572519
056576 0.5657568574 0.4576821327 0.5800765157 0.4713541567
059252 0.8333349824 0.4108071327 0.8678385019 0.4498697817
060099 0.6108398438 0.4238281250 0.6362304688 0.4497070312
060484 0.7319335938 0.4721679688 0.7495117188 0.4907226562
066096 0.6380224824 0.3522133827 0.6653646231 0.3756510317
066449 0.1113281250 0.4192709923 0.1445312500 0.4667968750
069725 0.9375000000 0.4042968750 0.9931640625 0.4667968750
007331 0.7382812500 0.4218750000 0.7656250000 0.4498697817
073956 0.1270639598 0.4699707031 0.1339147389 0.4832876921
077343 0.1040039062 0.4707031250 0.1142578125 0.4868164062
077731 0.6835937500 0.3989257812 0.7275390625 0.4423828125
079058 0.0617626943 0.3029931784 0.0928059071 0.3424437046
081817 0.5898437500 0.4283852577 0.6022135019 0.4407552183
082532 0.5214843750 0.4382812381 0.5320312381 0.4488281310
083796 0.5128906369 0.4027343690 0.5312500000 0.4218750000
083878 0.0805664062 0.4506835938 0.0991210938 0.4760742188
084932 0.1613281220 0.4617187381 0.2074218690 0.5269531012
086812 0.9375000000 0.4244790077 0.9589843750 0.4505208433
094063 0.2415366173 0.3242187500 0.2734375000 0.3932290077
094833 0.7675781250 0.4687500000 0.8014322519 0.5006510019
095135 0.6357421875 0.4731445312 0.6474609375 0.4853515625
