010128 0.7209326029 0.2661611438 0.7668887973 0.3178613186
010191 0.6438818574 0.3789062500 0.6699218750 0.4055989683
001031 0.7807666063 0.4404199123 0.7909189463 0.4520227611
010502 0.4882812500 0.4506914020 0.4987444282 0.4642547369
010741 0.1259252876 0.3964072168 0.1381321847 0.4214638174
011151 0.5338525176 0.5104150176 0.5585937500 0.5397135019
011307 0.6575537324 0.5013037324 0.6777343750 0.5240885019
001130 0.5409765840 0.4138305783 0.5598313808 0.4326848686
011335 0.1166992188 0.4033203125 0.1357421875 0.4321289062
011722 0.6706591845 0.4591782093 0.6797133684 0.4698494673
012004 0.6572265625 0.3071289062 0.7133789062 0.3632812500
012186 0.2306484431 0.4927783310 0.2402857840 0.5004882812
012529 0.5489111543 0.4196709096 0.5642298460 0.4359467328
012604 0.5844873190 0.4191484451 0.5994740129 0.4355855584
012654 0.5727539062 0.2968750000 0.6220703125 0.3476562500
012686 0.9264501929 0.4227485359 0.9392989278 0.4388106465
013083 0.8502587676 0.4199218750 0.8815087676 0.4583333433
013098 0.9660986066 0.4324775338 0.9723066092 0.4452660084
013497 0.6952343583 0.4565913081 0.7039657831 0.4653223157
013527 0.2600292861 0.5068847537 0.2732049823 0.5243210196
013792 0.1645507812 0.2597656250 0.1894531250 0.3046875000
013802 0.5966064334 0.4556215703 0.6040459275 0.4643522501
000013 0.9028320312 0.4702148438 0.9184570312 0.4858398438
014092 0.7372558713 0.4520229399 0.7478898168 0.4645923376
014154 0.5553368926 0.4648437500 0.5690103769 0.4791666567
014356 0.1031533182 0.4818139672 0.1147945821 0.4950719178
014553 0.7778320312 0.3574218750 0.8090820312 0.3916015625
014625 0.2075195312 0.4960937500 0.2158203125 0.5048828125
014724 0.6475536823 0.4421660304 0.6576252580 0.4530164897
001512 0.8504492044 0.4491542876 0.8617679477 0.4592168927
015375 0.5704687238 0.4650756717 0.5796526670 0.4761950672
015392 0.6985693574 0.4752602577 0.7161458731 0.4941406250
015705 0.8276611567 0.4399365187 0.8407139778 0.4529896379
015713 0.6471337676 0.3496093750 0.6757812500 0.3776041567
015796 0.6086572409 0.4056118131 0.6294476986 0.4259166121
016184 0.8432617188 0.3623046875 0.8759765625 0.4018554688
016395 0.0436883308 0.5094824433 0.0552528799 0.5274722576
016686 0.5436962843 0.4723925889 0.5502852201 0.4801432192
001731 0.4501953125 0.3261718750 0.5004882812 0.3725585938
017389 0.3430991173 0.4316406250 0.3854166567 0.4798177183
017912 0.3727988303 0.4572792947 0.3809368610 0.4677424431
017985 0.5910791159 0.4195366204 0.6064967513 0.4375256896
017987 0.9331054688 0.5063476562 0.9497070312 0.5297851562
018029 0.0867343768 0.3964072168 0.0995836928 0.4214638174
018071 0.5483398438 0.1972656250 0.6088867188 0.2480468750
018390 0.7946532965 0.2546723485 0.8482626677 0.3092446327
018397 0.7686816454 0.4031948149 0.7865715623 0.4225324690
018503 0.1829116195 0.5035986304 0.1953127980 0.5188956857
018605 0.8079882860 0.4572792947 0.8161272407 0.4661923349
018639 0.5476513505 0.4619252980 0.5545876622 0.4691384137
018656 0.8346337676 0.4921875000 0.8593685627 0.5175781250
001883 0.0537109375 0.4785156250 0.0742187500 0.5043945312
019485 0.3960503042 0.4379028380 0.4061259627 0.4510788620
019973 0.7136669755 0.4588549733 0.7207807302 0.4666157663
020347 0.5800781250 0.4739584923 0.5983072519 0.4921875000
020566 0.6045703292 0.4305400252 0.6153894067 0.4413903356
020942 0.5566406250 0.4264321327 0.5748697519 0.4440104067
021005 0.5994287133 0.4156816304 0.6167763472 0.4381681681
021671 0.1769414097 0.3896582127 0.1890276819 0.4152807593
021723 0.0086167483 0.1254213899 0.0679766089 0.2182905227
021919 0.7685546875 0.3930664062 0.7983398438 0.4243164062
022194 0.5338525176 0.4707031250 0.5579427481 0.4967447817
022212 0.4282226562 0.5717773438 0.4648437500 0.6098632812
022409 0.2920112312 0.5246630907 0.3149892688 0.5524280071
022415 0.7107226849 0.4379028380 0.7207961679 0.4499163032
022436 0.7727246284 0.4371279180 0.7831876278 0.4499160647
022748 0.7894677520 0.4467045963 0.7986540794 0.4587910175
022827 0.5371093750 0.4360351562 0.5605468750 0.4604492188
002298 0.5464843512 0.3984375000 0.5765625238 0.4296875000
023019 0.8242773414 0.3993271589 0.8445815444 0.4239827991
002315 0.8950195312 0.2519531250 0.9243164062 0.2832031250
023651 0.5715966821 0.4530166090 0.5808996558 0.4634796381
023791 0.3229165077 0.4804687500 0.3359375000 0.4921875000
023836 0.1708984375 0.5018163919 0.1977297366 0.5319635272
024178 0.5257909894 0.4601484239 0.5329056382 0.4685559571
024352 0.3870678842 0.4413935542 0.3977390230 0.4536812007
024425 0.8281445503 0.4293007851 0.8378132582 0.4428372681
024550 0.5382714868 0.4437158108 0.5479600430 0.4549540877
002468 0.1121093780 0.4703125060 0.1320312470 0.4925781190
024747 0.8897558451 0.4514663219 0.8986700177 0.4630921483
025058 0.9842968583 0.4293007851 0.9968672991 0.4452545047
025333 0.6293408275 0.5146337748 0.6378658414 0.5289713144
025823 0.5595947504 0.2319335938 0.6296274662 0.2942539155
002604 0.2156250030 0.4617187381 0.2273437530 0.4781250060
026203 0.7218896747 0.2747778296 0.7716757655 0.3274355531
026243 0.5602831841 0.4502446353 0.5685999990 0.4597981870
026310 0.9010400176 0.4524741173 0.9205728769 0.4739583433
026582 0.5448681712 0.4759931564 0.5510140657 0.4831074178
026724 0.8427734375 0.4409179688 0.8579101562 0.4594726562
027094 0.5248193145 0.4536811411 0.5338757038 0.4633821249
002717 0.1074218750 0.5003906488 0.1253906190 0.5179687738
027663 0.2499228567 0.4927783310 0.2576326132 0.5133377910
027745 0.6258544922 0.3693110347 0.6560794711 0.3991505504
027865 0.6060888767 0.4541791975 0.6150018573 0.4646422267
027903 0.6577441692 0.5141308308 0.6835937500 0.5409390330
028009 0.2654121220 0.3838569224 0.2765315473 0.4094794393
028154 0.8300781250 0.4134116173 0.8528646231 0.4394531250
028197 0.1321616173 0.4817709923 0.1516927183 0.5026041269
028763 0.4208520651 0.4479785264 0.4289899468 0.4584418535
029002 0.7553808689 0.4481840730 0.7644336224 0.4595017433
029008 0.6191406250 0.4887695312 0.6347656250 0.5068359375
029071 0.6264648438 0.4399414062 0.6601562500 0.4755859375
029313 0.5457275510 0.3484985232 0.5830652118 0.3858379424
029324 0.1522666067 0.5563818216 0.1715409160 0.5975020528
029363 0.6292334199 0.4371743202 0.6468099356 0.4570312500
029448 0.5487499833 0.4604716897 0.5587748289 0.4701727927
000295 0.8856103420 0.4777495265 0.9181602597 0.5093443990
029875 0.1170327142 0.4452661276 0.1251705140 0.4553416371
029926 0.7949218750 0.4596352577 0.8098958731 0.4778645933
029959 0.5224609375 0.4912109375 0.5703125000 0.5375976562
030029 0.0434027836 0.4336401224 0.0523158684 0.4475911558
030029 0.7273828387 0.4526289105 0.7355220914 0.4611544907
031005 0.5852929950 0.4111840725 0.6052091122 0.4285311401
031516 0.2069384754 0.4348027408 0.2177887708 0.4503038228
031602 0.5656347871 0.4413867295 0.5772354603 0.4534730911
031765 0.5646240115 0.4448784292 0.5758606195 0.4588293433
031784 0.4308525324 0.4749643505 0.4411175847 0.4863391221
032162 0.3116933703 0.2647988200 0.3297109008 0.3192607462
032356 0.5561864972 0.4565913081 0.5662121773 0.4688793421
003236 0.4251303673 0.3938803673 0.4427083433 0.4108072817
032773 0.4739584923 0.5507812500 0.4947916567 0.5716146231
032920 0.2939453125 0.4565429688 0.3173828125 0.4785156250
032960 0.0234375000 0.4621093869 0.0468750000 0.4906249940
033024 0.8164989948 0.4475371242 0.8249043226 0.4582085311
033127 0.5931884646 0.4413867295 0.6038250327 0.4530164897
033175 0.0483446792 0.3998105526 0.0609143078 0.4230159223
033520 0.5546142459 0.4575444460 0.5622043014 0.4661040604
003360 0.0469006822 0.4156816304 0.0571803227 0.4343133271
033768 0.7648144364 0.4491220713 0.7730314136 0.4607248008
033906 0.9656249881 0.4714843631 0.9894531369 0.5019531250
003448 0.6689453125 0.4339194298 0.6822916269 0.4488932192
034605 0.7744824290 0.4496054649 0.7856010199 0.4626585841
035408 0.5975635052 0.4526289105 0.6076388955 0.4630921483
035507 0.5227685571 0.4328652322 0.5374969244 0.4483662248
035551 0.2428554744 0.5035986304 0.2563476562 0.5197625756
035587 0.4916650355 0.4471884668 0.5018177629 0.4587910175
035646 0.7034130692 0.4336518645 0.7198442221 0.4529898465
035743 0.8426464796 0.4268833101 0.8532835841 0.4418703616
035954 0.1157226562 0.3779296875 0.1333007812 0.4091796875
036185 0.5772363544 0.4365522563 0.5898050666 0.4496055245
036342 0.0815429688 0.5029296875 0.0888671875 0.5117187500
003634 0.6071386933 0.4073295891 0.6257709265 0.4291735291
036362 0.0899970680 0.4921093881 0.1168044955 0.5265779495
036476 0.3041992188 0.4628906250 0.3305664062 0.5024414062
036550 0.5467968583 0.4557290077 0.5560981035 0.4654172957
036857 0.5341992378 0.4565913081 0.5413131118 0.4640288651
037040 0.6032861471 0.4098994136 0.6219168901 0.4278885722
037104 0.7333984375 0.3950195312 0.7519531250 0.4174804688
037446 0.6913037300 0.2788344622 0.7356342077 0.3295898438
038030 0.5453271270 0.4684599638 0.5535466075 0.4766785204
038114 0.6187499762 0.4949218631 0.6386718750 0.5210937262
038167 0.9570312500 0.4785156250 0.9707031250 0.5000000000
038177 0.5834960938 0.4682617188 0.6074218750 0.4912109375
038199 0.0341796875 0.3134765625 0.0649414062 0.3613281250
038273 0.5685351491 0.4960156381 0.5786858201 0.5056853294
039049 0.8134765625 0.4550781250 0.8251953125 0.4672851562
039248 0.8083251715 0.4399365187 0.8233098388 0.4558903277
000394 0.7623681426 0.3632812500 0.7845052481 0.3860677183
039591 0.7173095942 0.4530166090 0.7250589132 0.4611544907
039610 0.1894531250 0.5195312500 0.2265625000 0.5609375238
039610 0.3785156310 0.4894531369 0.3855468631 0.4976562560
039839 0.8860693574 0.4824218750 0.9023453593 0.4993486702
040022 0.8796826005 0.4534038007 0.8862692118 0.4603794515
000400 0.8327929974 0.4437158108 0.8440290093 0.4565041959
040179 0.6281787157 0.4549540877 0.6367032528 0.4646422267
041052 0.5549951196 0.4288173914 0.5651492476 0.4423538148
041129 0.7176952958 0.4111635685 0.7320320010 0.4266645610
041141 0.6588525176 0.3177084923 0.7011718750 0.3587239683
041274 0.0558955073 0.3957646489 0.0719576180 0.4169664979
041321 0.4111328125 0.4956054688 0.4208984375 0.5053710938
041460 0.6940087676 0.3938803673 0.7135416269 0.4140625000
041568 0.8530273438 0.4213867188 0.8706054688 0.4409179688
041626 0.5559619069 0.4534731507 0.5661161542 0.4674930274
041653 0.7858056426 0.2708334923 0.8385415077 0.3222656250
041865 0.6462548971 0.3733915985 0.6749770045 0.4040288031
042223 0.0737207010 0.5122168064 0.0919117704 0.5323222876
004227 0.0000000000 0.4863539934 0.0122070312 0.4966334403
042293 0.5646240115 0.4553417861 0.5723741055 0.4646422267
042791 0.5840234160 0.5237060785 0.6137036681 0.5524280071
042818 0.3006782234 0.3148129880 0.3205951750 0.3604286611
043560 0.7928125262 0.2743369043 0.8371453881 0.3263774514
043598 0.5893213153 0.4418701231 0.6033415794 0.4563737810
044448 0.5583105683 0.4895654321 0.5724455118 0.5152652264
044480 0.7413330078 0.4534038007 0.7490854263 0.4634796381
044600 0.5422851443 0.4327514768 0.5555424094 0.4461550415
044957 0.5384033322 0.4131118059 0.5563827157 0.4339559078
044980 0.7435204983 0.4499956071 0.7529519200 0.4585959613
045703 0.6105957031 0.4515390694 0.6188118458 0.4607246518
045767 0.6173632741 0.3741879761 0.6454014778 0.3998104930
045777 0.8548779488 0.4410034120 0.8661178946 0.4534040093
045939 0.7080078125 0.4838867188 0.7246093750 0.5019531250
046120 0.5574120879 0.4554067254 0.5685334206 0.4689430594
046163 0.5258691311 0.4472036064 0.5340091586 0.4565041959
046211 0.4628906250 0.4537758827 0.4830729067 0.4765625000
046341 0.6014745831 0.3881279230 0.6258878112 0.4128195941
046428 0.0218441412 0.4413803816 0.0301963370 0.4523026347
046729 0.6041504145 0.3727988303 0.6320529580 0.4010881782
046874 0.8210937381 0.4699218869 0.8777343631 0.5265625119
046917 0.2089843750 0.5286474824 0.2701821327 0.5911459923
046960 0.7839648724 0.4479785264 0.7917131782 0.4568917453
047240 0.4320903420 0.4557290077 0.4402281642 0.4673549235
047579 0.9009277225 0.4860175848 0.9162454009 0.4997699261
047910 0.5666015744 0.4597578049 0.5762685537 0.4694268107
048010 0.4346025288 0.4730830193 0.4391297698 0.4805205166
004809 0.4995117188 0.4345703125 0.5126953125 0.4501953125
048103 0.4894531369 0.4503906369 0.4968749881 0.4578124881
048123 0.3101069331 0.4540044069 0.3178678751 0.4617653191
048135 0.1416972727 0.4795503020 0.1542451233 0.4949827194
048184 0.8784228563 0.4351020455 0.8885751963 0.4471882880
048406 0.5124511719 0.4418701231 0.5225962996 0.4534724057
048435 0.5985058546 0.4114130735 0.6173615456 0.4317179620
004849 0.5522460938 0.4516601562 0.5600585938 0.4604492188
048540 0.8624706864 0.4380029440 0.8740717769 0.4510558546
004863 0.2518911064 0.4014755785 0.2604166567 0.4239521623
048932 0.3308100700 0.5169922113 0.3567837477 0.5418870449
048965 0.7618749738 0.4425532222 0.7703993320 0.4526289403
049100 0.7072314620 0.4576669931 0.7145957351 0.4673549235
049631 0.7298535109 0.3128852546 0.7716128826 0.3578577042
049763 0.5506445169 0.4529897571 0.5603148341 0.4631420374
049945 0.6044921875 0.3676757812 0.6376953125 0.4018554688
050248 0.7841503620 0.4544399381 0.7928518653 0.4645923376
050648 0.6943359375 0.4235024452 0.7119140625 0.4414062500
051001 0.6458837986 0.3814394474 0.6690903306 0.4060953259
051031 0.6347656250 0.3681381941 0.6617496014 0.3970497549
051115 0.6236962676 0.4759116173 0.6425781250 0.4993489683
051142 0.8496093750 0.5455712676 0.8665364981 0.5631510019
051258 0.2942709923 0.5032568574 0.3085937500 0.5149739981
051290 0.6101074219 0.4394531250 0.6212291121 0.4544399977
051572 0.8265234232 0.4494775534 0.8410725594 0.4659690559
051753 0.7429540753 0.2585019469 0.7975258827 0.3130742311
051843 0.5630713105 0.4472036064 0.5731491446 0.4584418535
052214 0.8070995808 0.2336088866 0.8597578406 0.2910537124
052281 0.8411962986 0.4234995246 0.8513498306 0.4394531250
052491 0.0309405755 0.4239829183 0.0420598648 0.4399365783
052497 0.5859375000 0.4244663119 0.6004409194 0.4409034550
005257 0.6398730278 0.4240966737 0.6532787681 0.4375003874
005275 0.7917138934 0.4386782348 0.8017888069 0.4491412640
005282 0.7662646770 0.4481552839 0.7773824334 0.4597579241
052862 0.8750000000 0.1679687500 0.9433593750 0.2415366173
053214 0.7246093750 0.4804687500 0.7356771231 0.4921875000
053468 0.6739257574 0.4544399381 0.6835937500 0.4641088843
053722 0.4844135642 0.4486386776 0.4926322699 0.4597579241
053765 0.3527343869 0.4828124940 0.3832031190 0.5128906369
053794 0.6649609208 0.3417968750 0.7028640509 0.3797030747
053912 0.9042968750 0.4524741173 0.9322916269 0.4824218750
054036 0.9258056879 0.4092568457 0.9399414062 0.4285310507
054091 0.0468943343 0.4583076239 0.0638149381 0.4776453972
054091 0.7822167873 0.4481552839 0.7923693061 0.4592744708
005424 0.8561181426 0.4628906250 0.8704427481 0.4778645933
054487 0.3066406250 0.4848632812 0.3247070312 0.5166015625
005470 0.7044287324 0.4700522423 0.7207031250 0.4882812500
054749 0.6650390625 0.4506835938 0.6733398438 0.4599609375
054844 0.3141704202 0.4972753823 0.3244500458 0.5139802694
054963 0.7414746284 0.4616166949 0.7492368817 0.4711429179
055157 0.5733691454 0.4317177832 0.5883547068 0.4476717412
005536 0.2523593605 0.5163232684 0.2644454241 0.5298576951
005536 0.6125292778 0.4805459082 0.6231628656 0.4935991764
055514 0.8789062500 0.4877929688 0.8950195312 0.5039062500
055869 0.7719482183 0.4549540877 0.7789248824 0.4650297761
055943 0.5417578220 0.4619296789 0.5491226315 0.4712301791
056350 0.7265625000 0.4428710938 0.7368164062 0.4545898438
056374 0.5458105206 0.4539565444 0.5564472675 0.4645923376
005640 0.9258202910 0.5122168064 0.9468826652 0.5332797170
056537 0.7973632812 0.4702148438 0.8076171875 0.4814453125
056737 0.5506738424 0.4561167061 0.5576481819 0.4650297761
056763 0.3169951141 0.4483662248 0.3247458041 0.4576667845
057018 0.5394335985 0.4565044045 0.5456349254 0.4654172957
057098 0.6057568192 0.4041616321 0.6265470386 0.4244662523
057237 0.9209668040 0.4293007851 0.9320853949 0.4438041449
057689 0.7386230230 0.4568915963 0.7467603087 0.4661923349
057698 0.6101562381 0.3898437619 0.6351562738 0.4156250060
057771 0.0590820312 0.3491210938 0.0825195312 0.3852539062
058008 0.5921386480 0.4568915963 0.5987258554 0.4665798843
058061 0.2507285178 0.3828745186 0.2619667351 0.4103887677
058223 0.7227538824 0.4496054649 0.7290377617 0.4602413476
058247 0.5433105230 0.4712299705 0.5514478087 0.4793681502
058303 0.6949707270 0.4630346596 0.7019042969 0.4719127417
058323 0.5490722656 0.4688794017 0.5568314195 0.4772868156
005836 0.7652978301 0.4394531250 0.7744817138 0.4496055245
005841 0.7187500000 0.4946289062 0.7431640625 0.5185546875
058531 0.0073242188 0.2553710938 0.0693359375 0.3310546875
005869 0.6941259503 0.4063891470 0.7113587260 0.4245798886
059013 0.7222900391 0.4634863138 0.7433542013 0.4855068326
059076 0.8009228706 0.4543935657 0.8098518848 0.4646431208
059164 0.3704428673 0.5026025176 0.3919270933 0.5260416269
059223 0.2337241173 0.5065087676 0.2513019443 0.5266927481
059384 0.7080078125 0.3128852546 0.7452713847 0.3546463847
059676 0.8146582246 0.5043408275 0.8320055604 0.5216900110
059798 0.4983544946 0.4611542821 0.5061073899 0.4700675905
060137 0.7343603373 0.4479785264 0.7471477985 0.4619295299
060380 0.5648828149 0.4440527260 0.5749648809 0.4551984370
060406 0.8867187500 0.5091162324 0.9029947519 0.5260416269
060522 0.5859375000 0.4553417861 0.5940755606 0.4630921483
060583 0.7141943574 0.4902343750 0.7304687500 0.5058593750
061035 0.9175829887 0.4181816280 0.9291847348 0.4355855584
061102 0.1081879884 0.1110600606 0.1665898412 0.2029716820
061133 0.0923383757 0.4056118131 0.1049079597 0.4278503954
061176 0.9112988114 0.4457377791 0.9170985222 0.4544399977
061377 0.7355224490 0.4530166090 0.7440475821 0.4630921483
061383 0.0439453125 0.2812500000 0.0805664062 0.3398437500
061411 0.0957226530 0.3804726601 0.1136100069 0.4099628925
061524 0.7418017387 0.4488305748 0.7505303025 0.4591784179
061558 0.4882812500 0.4147973657 0.5047184825 0.4312346578
061592 0.8613281250 0.4759116173 0.8776041269 0.4973958433
061770 0.5545117259 0.4496054649 0.5656327009 0.4616917074
061811 0.1890625060 0.5293554664 0.2060211450 0.5567187667
061958 0.6909179688 0.2978515625 0.7387695312 0.3476562500
062077 0.2960688472 0.4917675853 0.3092449605 0.5057199001
062247 0.5634765625 0.3256835938 0.6079101562 0.3701171875
062806 0.8597558737 0.1522290111 0.9258193374 0.2240351588
063065 0.8557031155 0.4278505743 0.8687538505 0.4413869083
006319 0.6997070312 0.4082031250 0.7338867188 0.4423828125
063436 0.6406250000 0.4506835938 0.6474609375 0.4584960938
063581 0.7509765625 0.4555664062 0.7617187500 0.4672851562
063771 0.5908203125 0.4086914062 0.6035156250 0.4208984375
063771 0.6767578125 0.4897460938 0.6904296875 0.5029296875
063799 0.5216064453 0.4475913048 0.5328465700 0.4588293433
063917 0.4654946327 0.4726562500 0.4798177183 0.4876302183
064190 0.8262500167 0.2259497046 0.8808212876 0.2853095829
064752 0.6231640577 0.3819228411 0.6478186846 0.4099628925
064774 0.8403564692 0.2325761765 0.9001079202 0.2981083989
065004 0.5820312500 0.3951821327 0.6054687500 0.4179686010
065016 0.6744775176 0.3912758827 0.7063802481 0.4231770933
065059 0.2981772423 0.4876303673 0.3092447817 0.5032552481
065096 0.5807958841 0.4291733503 0.5955746174 0.4458778799
065142 0.6064746380 0.4530166090 0.6153880954 0.4615419805
065749 0.8200048804 0.4379028380 0.8296924233 0.4483662248
065768 0.2182714790 0.2594306767 0.2479515076 0.3130458891
065785 0.9086914062 0.4628906250 0.9155273438 0.4726562500
066117 0.1329477578 0.4521225691 0.1422215849 0.4646424353
006619 0.6328515410 0.3609453142 0.6615732312 0.3896675706
066205 0.8535156250 0.4322915077 0.8691406250 0.4479166567
000662 0.8276611567 0.4452543855 0.8382967114 0.4592744708
066414 0.5917382836 0.4070620239 0.6125270724 0.4317179620
066482 0.5032665730 0.4974658191 0.5153542757 0.5080862641
006673 0.1693481505 0.3902373016 0.1825241745 0.4131014049
067033 0.5328466892 0.4576669931 0.5398220420 0.4661923349
067226 0.8300781250 0.4677426815 0.8378286362 0.4766555130
067638 0.5751171708 0.4147617221 0.5934281945 0.4314075708
067704 0.6271045208 0.3686044812 0.6577435732 0.3992417455
067754 0.5816748142 0.4522412121 0.5909753442 0.4619295299
067987 0.1263022423 0.5188818574 0.1458333433 0.5384114981
068228 0.6617480516 0.3482216895 0.6932308674 0.3784179688
068231 0.6673193574 0.3465839922 0.6989241838 0.3810508847
068268 0.4010415077 0.3372397423 0.4309895933 0.3678385317
068474 0.5936718583 0.3964262605 0.6139773726 0.4191475511
068714 0.3785390556 0.4529897571 0.3891746700 0.4670095742
068778 0.6138378978 0.4518539906 0.6235274076 0.4630921483
069203 0.2716972530 0.4486386776 0.2905515134 0.4728109241
069425 0.6863086224 0.3042070270 0.7331969142 0.3510974646
069444 0.6545849442 0.3669360280 0.6845606565 0.3983601630
069658 0.8277539015 0.4394531250 0.8370535374 0.4506913722
070288 0.6932812333 0.4479785264 0.7052951455 0.4603794515
007092 0.8652343750 0.4277343750 0.8906250000 0.4557291567
071001 0.8668212891 0.4326850474 0.8750386834 0.4467048347
071208 0.5583789349 0.4447709918 0.5695002675 0.4554068744
071290 0.7035107613 0.4317436516 0.7182874084 0.4478054643
071412 0.6572412252 0.4475913048 0.6661550999 0.4580543041
071597 0.5287548900 0.2871865332 0.5827226639 0.3372993171
071844 0.3281250000 0.4428710938 0.3442382812 0.4609375000
007206 0.0371093750 0.4869790077 0.0585937500 0.5078125000
072078 0.5533837676 0.4545664191 0.5642361045 0.4654172957
072771 0.5981445312 0.4131118059 0.6161338091 0.4317434132
072809 0.8199267387 0.4220488369 0.8324953318 0.4365524352
007286 0.5287548900 0.4266035259 0.5428916216 0.4439504445
072880 0.8474804759 0.4307509661 0.8590849042 0.4438041449
072895 0.4106445312 0.4560546875 0.4189453125 0.4663085938
072960 0.8155761957 0.4389697313 0.8257272243 0.4510558248
073069 0.6163964868 0.3940092921 0.6415339112 0.4176979959
073250 0.6712256074 0.5143212676 0.6894547343 0.5390625000
073464 0.6625732183 0.4617651403 0.6690423489 0.4701727927
073700 0.9447851777 0.4483662248 0.9536985159 0.4623170793
073802 0.5628076196 0.4381684661 0.5788702369 0.4542301297
074020 0.6097070575 0.4683647454 0.6238435507 0.4831414521
074070 0.8373290896 0.3964262605 0.8605352640 0.4210813940
074240 0.7727246284 0.4239521623 0.7835751176 0.4371279776
007433 0.4262695312 0.2060546875 0.5063476562 0.2763671875
007443 0.6057031155 0.4537914991 0.6153894067 0.4654172957
074535 0.8083251715 0.4399365187 0.8184753656 0.4515393078
074646 0.8886718750 0.4716796875 0.9047851562 0.4892578125
074668 0.6171875000 0.4331054688 0.6274414062 0.4472656250
074722 0.1645507812 0.4643554688 0.1855468750 0.4863281250
074818 0.6959961057 0.4545664191 0.7037450075 0.4646422267
007483 0.0665449202 0.5088623166 0.0789913610 0.5318388939
075703 0.6148486137 0.4400956929 0.6289833784 0.4555149972
076040 0.8403564692 0.4304584861 0.8512798548 0.4458778799
076075 0.6787109375 0.4770507812 0.7045898438 0.5039062500
076474 0.3336586952 0.4007006884 0.3429594636 0.4262773097
007718 0.7319335938 0.3828125000 0.7714843750 0.4238281250
007718 0.5458984375 0.4370117188 0.5595703125 0.4526367188
077303 0.8393554688 0.4550781250 0.8876953125 0.5039062500
077551 0.8657226562 0.4667968750 0.8798828125 0.4853515625
078061 0.7329101562 0.5058593750 0.7416992188 0.5151367188
078472 0.6556006074 0.4251303673 0.6787109375 0.4488932192
078552 0.5235449076 0.4468159080 0.5332341194 0.4580543041
078678 0.5580371022 0.4386782348 0.5696614981 0.4503038228
078754 0.7439111471 0.2996703982 0.7869944572 0.3446691334
079126 0.5520946980 0.4529897571 0.5617651343 0.4650757909
079381 0.5281152129 0.4394531250 0.5409641862 0.4516602457
079416 0.8402295113 0.4331684709 0.8513498306 0.4462213814
079595 0.8930419683 0.4979199171 0.9039627910 0.5120528340
080765 0.5216064453 0.4530166090 0.5309090018 0.4619295299
080766 0.0332031250 0.5032568574 0.0514322743 0.5208333731
080910 0.5471826196 0.4638671875 0.5553230643 0.4739427269
080925 0.5786132812 0.4926757812 0.5874023438 0.5014648438
008098 0.3359375000 0.4680991173 0.3457029760 0.4817708433
008100 0.9083984494 0.4263999164 0.9199992418 0.4438041449
081148 0.7092187405 0.5056836009 0.7256559730 0.5226059556
081412 0.6967773438 0.4721679688 0.7163085938 0.4912109375
081733 0.1606186479 0.4934228659 0.1741107851 0.5114103556
081888 0.2093325257 0.4002939463 0.2214186043 0.4268834889
082079 0.7382812500 0.5084618926 0.7558593750 0.5312500000
082216 0.7928760052 0.4596045017 0.8006262183 0.4696800709
082324 0.4890576303 0.4650297761 0.4971943498 0.4747178853
082500 0.7443945408 0.3915732503 0.7654573917 0.4174231887
082505 0.4302675724 0.4674931765 0.4404197335 0.4795792103
008266 0.5404931903 0.4544399381 0.5496789813 0.4636254907
082793 0.2837831974 0.3824062645 0.2924852967 0.4094794393
083422 0.5633007884 0.4336323142 0.5762365460 0.4475372434
083503 0.5206201077 0.4530346692 0.5293511748 0.4620886743
008355 0.7362499833 0.4155175686 0.7549085021 0.4330283701
083572 0.8056640625 0.4640288055 0.8120888472 0.4747890532
083599 0.5704345703 0.4301523566 0.5808996558 0.4410032332
083630 0.7966699004 0.4882812500 0.8161272407 0.5099826455
083632 0.5695019364 0.4317177832 0.5849722624 0.4481551647
008371 0.6930273175 0.4649770558 0.6994073987 0.4727450311
083895 0.5529980659 0.4472036064 0.5626860261 0.4596045315
083944 0.5483496189 0.4673549831 0.5588102341 0.4770430028
084164 0.6845605373 0.3514658213 0.7174350023 0.3857905269
084287 0.0065104002 0.4902343750 0.0345052257 0.5175781250
084327 0.5386572480 0.4557290077 0.5448598862 0.4650297761
084374 0.5351709127 0.4685561657 0.5416364670 0.4756700099
084459 0.0787758753 0.4628906250 0.0983072743 0.4895833433
084963 0.2272133827 0.4108071327 0.2428385317 0.4290364683
085024 0.0797685534 0.5221240520 0.0957224593 0.5438776612
085115 0.5464892387 0.4844516516 0.5658305883 0.5005691648
085636 0.4970703125 0.3789062500 0.5219726562 0.4042968750
086072 0.7773437500 0.4711914062 0.8144531250 0.5166015625
008629 0.0285233390 0.4157641530 0.0410929695 0.4351021051
086532 0.6768261790 0.4428374171 0.6879447699 0.4549234509
086593 0.5287548900 0.5107666254 0.5441766381 0.5236173868
086596 0.8431298733 0.4307509661 0.8547338843 0.4452545047
086665 0.4921875000 0.4272460938 0.5058593750 0.4399414062
087275 0.5673828125 0.4135742188 0.5844726562 0.4316406250
087338 0.5820556879 0.4655317366 0.5876020789 0.4729768932
087349 0.6201171875 0.4287109375 0.6469726562 0.4560546875
087862 0.7160546780 0.4560991228 0.7232666016 0.4646994770
087963 0.6951562762 0.4323857427 0.7092927694 0.4497327209
088023 0.1804375052 0.4436567426 0.1907853931 0.4572381973
088267 0.5355615020 0.4553417861 0.5460224748 0.4654172957
088853 0.1978823245 0.5300439596 0.2370731980 0.5769444108
089003 0.0566406250 0.5240868926 0.0898438990 0.5546875000
089092 0.7986523509 0.4355854392 0.8083230257 0.4467048347
089485 0.8041992188 0.4882812500 0.8154296875 0.5014648438
089780 0.5743749738 0.4413803816 0.5904347897 0.4587273896
089860 0.5781884789 0.4309277236 0.5925254226 0.4464285672
089932 0.7187500000 0.4537758827 0.7454427481 0.4804687500
090209 0.7372558713 0.4423539937 0.7454749346 0.4539565444
090424 0.4609375000 0.0971679688 0.5380859375 0.1557617188
090426 0.5949316621 0.3983344734 0.6148488522 0.4227487743
090872 0.9441699386 0.4123798907 0.9572246075 0.4322014153
090960 0.3002929688 0.4179687500 0.3212890625 0.4404296875
090985 0.8535156250 0.4233398438 0.8647460938 0.4365234375
091027 0.2894809544 0.4483662248 0.3158328533 0.4770428836
091399 0.5496777296 0.4563735425 0.5583810806 0.4655592144
091569 0.6855322123 0.4293774366 0.6979327202 0.4410032332
091600 0.2807617188 0.4445927739 0.3019634187 0.4728617668
091731 0.7561084032 0.4505722523 0.7648127675 0.4602413476
091961 0.7362987995 0.4398408234 0.7440475821 0.4495287538
092382 0.6397607327 0.4469438493 0.6482607126 0.4563768208
092478 0.0222385749 0.4089961052 0.0362584963 0.4293007255
092737 0.9065331817 0.5358251929 0.9277343750 0.5647357702
093059 0.5088329911 0.5120117068 0.5256090164 0.5292468667
093194 0.5326123238 0.4413803816 0.5403217077 0.4540045261
093332 0.5846533179 0.4182514548 0.6007144451 0.4355982840
093504 0.5326709151 0.4685834944 0.5384965539 0.4755193293
009360 0.6852588058 0.5160351396 0.6952459216 0.5353711247
093873 0.6043066382 0.4162475467 0.6236463189 0.4365524352
009389 0.5439013839 0.4595019519 0.5526309013 0.4708195329
094144 0.3971352577 0.0000000000 0.5468750000 0.0527343750
094620 0.6419287324 0.4654946327 0.6595052481 0.4837239683
094691 0.9869775176 0.4192709923 0.9967447519 0.4316406250
095018 0.5581250191 0.4443037212 0.5684747100 0.4552981555
095151 0.8234375119 0.4160156250 0.8457031250 0.4441406131
095482 0.7148437500 0.4604492188 0.7358398438 0.4819335938
095500 0.5595849752 0.4541791975 0.5688863993 0.4646422267
095578 0.7250586152 0.4429409206 0.7343556881 0.4526289403
095714 0.5695019364 0.4317177832 0.5815864801 0.4452545047
095766 0.8131493926 0.4843750000 0.8307291269 0.5097656250
096069 0.7976855636 0.4438042045 0.8073561192 0.4554068744
096688 0.6998681426 0.4572792947 0.7064577341 0.4661923349
096726 0.5806201100 0.4549233317 0.5907719731 0.4674930274
097426 0.7901611328 0.4611542821 0.7971385121 0.4704540968
098439 0.4892578125 0.4028320312 0.5112304688 0.4233398438
009952 0.5177343488 0.4398408234 0.5270362496 0.4503038228
009967 0.6809912324 0.2949218750 0.7291666269 0.3437498510
009994 0.6937500238 0.4800781310 0.7117187381 0.5183593631
