011061 0.9189453125 0.4780273438 0.9355468750 0.4995117188
011061 0.9194335938 0.5014648438 0.9370117188 0.5219726562
011620 0.7465820312 0.4580078125 0.7827148438 0.4931640625
011620 0.7485351562 0.4946289062 0.7836914062 0.5317382812
011623 0.6533203125 0.4565429688 0.6738281250 0.4770507812
011623 0.6528320312 0.4804687500 0.6723632812 0.5014648438
013044 0.5924072266 0.4934570193 0.6027525067 0.5031560659
013456 0.7921728492 0.4773593843 0.8069490194 0.4940635264
013931 0.8945312500 0.5903320312 0.9023437500 0.6020507812
013942 0.1074218750 0.3884550929 0.1236978993 0.4134114683
013942 0.1081445292 0.4141884744 0.1241252422 0.4407499433
014553 0.7827148438 0.4536132812 0.8144531250 0.4873046875
014553 0.7832031250 0.4941406250 0.8149414062 0.5283203125
014663 0.7519531250 0.4311523438 0.7626953125 0.4448242188
015520 0.2431543022 0.4364936650 0.2559777200 0.4522766471
015520 0.2426611334 0.4537563622 0.2569641471 0.4700323641
016275 0.7939453125 0.4765625000 0.8212890625 0.5063476562
016721 0.8704443574 0.2649741173 0.9179719687 0.3190102577
016921 0.2866210938 0.1401367188 0.3706054688 0.2070312500
017317 0.1103515625 0.4335937500 0.1357421875 0.4667968750
017317 0.1103515625 0.4677734375 0.1386718750 0.5004882812
017370 0.8803710938 0.3789062500 0.9160156250 0.4204101562
017370 0.8803710938 0.4291992188 0.9160156250 0.4697265625
017722 0.6728515625 0.4199218750 0.7065429688 0.4545898438
017722 0.6738281250 0.4589843750 0.7060546875 0.4936523438
017968 0.2885742188 0.4916992188 0.2993164062 0.5029296875
017968 0.2880859375 0.5063476562 0.2993164062 0.5180664062
018192 0.9062500000 0.4088540077 0.9583334923 0.4667968750
018660 0.5182275176 0.2838540077 0.5664062500 0.3294270933
018661 0.7416992188 0.4882812500 0.7587890625 0.5073242188
018935 0.1928710938 0.4335937500 0.2060546875 0.4467773438
001935 0.1230468750 0.6178368926 0.1334635317 0.6393228769
001935 0.1236977503 0.6386718750 0.1341145933 0.6575521231
019713 0.4516601562 0.3911132812 0.4755859375 0.4145507812
019715 0.1528320312 0.4833984375 0.1616210938 0.5009765625
020942 0.5716162324 0.4602866173 0.5872396231 0.4752604067
020942 0.5709618926 0.4772133827 0.5872396231 0.4928385317
020986 0.6235351562 0.4184570312 0.6523437500 0.4492187500
002170 0.8203125000 0.4916992188 0.8291015625 0.5004882812
002170 0.8198242188 0.5019531250 0.8295898438 0.5126953125
022212 0.4296875000 0.4980468750 0.4672851562 0.5371093750
022284 0.7167968750 0.3496093750 0.7467479706 0.3821614683
022673 0.9023437500 0.4550781250 0.9563803673 0.5273437500
022673 0.9088525176 0.5292968750 0.9615883827 0.6022133827
022696 0.6084228754 0.4805717766 0.6212736368 0.4921360910
023088 0.6425781250 0.4902343750 0.6606445312 0.5073242188
023088 0.6435546875 0.5107421875 0.6611328125 0.5288085938
002315 0.9003906250 0.4311523438 0.9296875000 0.4672851562
002315 0.9023437500 0.4692382812 0.9311523438 0.5068359375
023198 0.6822900176 0.5117187500 0.7005208731 0.5299478769
023198 0.6829443574 0.5299462676 0.7005208731 0.5475243926
024448 0.6967773438 0.4306640625 0.7358398438 0.4746093750
024448 0.7373046875 0.4350585938 0.7734375000 0.4804687500
024804 0.1562500000 0.4425781369 0.1613281220 0.4542968869
025271 0.6770849824 0.4687500000 0.6979166269 0.4889322817
002560 0.8842773438 0.4062500000 0.9023437500 0.4262695312
002560 0.8833007812 0.4272460938 0.9008789062 0.4477539062
002591 0.7343750000 0.4335937500 0.7451171875 0.4423828125
002591 0.7338867188 0.4423828125 0.7436523438 0.4526367188
002604 0.5605468750 0.4628906250 0.5679687262 0.4699218869
026112 0.6372070312 0.4736328125 0.6699218750 0.5068359375
026127 0.7060546875 0.4643554688 0.7148437500 0.4746093750
026127 0.7065429688 0.4765625000 0.7143554688 0.4853515625
027179 0.1799936593 0.4183901250 0.2182904333 0.4873237312
027969 0.6264648438 0.5048828125 0.6411132812 0.5195312500
027969 0.6269531250 0.5224609375 0.6406250000 0.5361328125
027983 0.7167968750 0.2200522423 0.7760415077 0.2766928673
028218 0.8154296875 0.3950195312 0.8847656250 0.4765625000
028218 0.8168945312 0.4843750000 0.8862304688 0.5625000000
028808 0.5981445312 0.4487304688 0.6142578125 0.4663085938
029297 0.4109374881 0.4746093750 0.4183593690 0.4820312560
029297 0.4828124940 0.4753906131 0.4890624881 0.4828124940
029597 0.0815429688 0.4863281250 0.0971679688 0.5097656250
029597 0.0791015625 0.5146484375 0.0952148438 0.5375976562
029597 0.9770507812 0.4858398438 0.9843750000 0.4946289062
029597 0.9785156250 0.5146484375 0.9843750000 0.5209960938
031779 0.7643212676 0.4824218750 0.7773437500 0.4967447817
031779 0.7649756074 0.4967431724 0.7786458731 0.5084635019
000321 0.8774414062 0.4921875000 0.8891601562 0.5078125000
003299 0.8134765625 0.4858398438 0.8261718750 0.4985351562
033292 0.7197265625 0.4829101562 0.7436523438 0.5092773438
033292 0.7197265625 0.5136718750 0.7431640625 0.5395507812
034636 0.8785156012 0.4515624940 0.9207031131 0.5285156369
034867 0.7018212676 0.4876303673 0.7141927481 0.4986979067
034867 0.7011718750 0.5000000000 0.7135416269 0.5130208731
035059 0.6645507812 0.4633789062 0.6962890625 0.4941406250
035059 0.6669921875 0.4941406250 0.6977539062 0.5258789062
035419 0.8159424067 0.4529453218 0.8493524194 0.4869962931
035824 0.6313476562 0.4921875000 0.6416015625 0.5034179688
035857 0.6708984375 0.4526367188 0.7084960938 0.4916992188
035857 0.6718750000 0.4926757812 0.7104492188 0.5312500000
035984 0.9804687500 0.4663085938 0.9892578125 0.4750976562
035984 0.9809570312 0.4770507812 0.9897460938 0.4858398438
003668 0.6499023438 0.3916015625 0.6845703125 0.4272460938
003668 0.6503906250 0.4267578125 0.6845703125 0.4609375000
036966 0.7845068574 0.4869790077 0.8027343750 0.5058593750
036966 0.7845068574 0.5065087676 0.8020833731 0.5227848887
037789 0.3770615160 0.4778178632 0.3851996660 0.4863435924
037789 0.3774492145 0.4878935516 0.3859747052 0.4960317314
038199 0.1406250000 0.4506835938 0.1586914062 0.4868164062
038199 0.1411132812 0.4873046875 0.1586914062 0.5234375000
038747 0.3835937381 0.4699218869 0.3953124881 0.4820312560
040588 0.3134765625 0.3637695312 0.3344726562 0.3872070312
040879 0.7128906250 0.3901367188 0.7309570312 0.4101562500
041097 0.7870605588 0.4379028380 0.8006262183 0.4510788620
041097 0.7862890363 0.4510791004 0.7998511791 0.4638671875
041747 0.2675781250 0.4641928673 0.2786458433 0.4824218750
042515 0.8051757812 0.4628906250 0.8144531250 0.4736328125
004256 0.8813476562 0.3964843750 0.8999023438 0.4165039062
042881 0.5678710938 0.4624023438 0.5795898438 0.4746093750
042881 0.5678710938 0.4775390625 0.5795898438 0.4902343750
043852 0.6100243926 0.2539062500 0.6614555717 0.3033852577
045793 0.8237304688 0.4858398438 0.8378906250 0.5019531250
045793 0.8232421875 0.5053710938 0.8378906250 0.5224609375
046674 0.7011718750 0.4702148438 0.7231445312 0.4926757812
046674 0.7031250000 0.5019531250 0.7246093750 0.5253906250
047192 0.3969096541 0.4810297787 0.4128635824 0.4964998662
047556 0.6782226562 0.4663085938 0.6899414062 0.4799804688
047556 0.6777343750 0.4790039062 0.6904296875 0.4916992188
048103 0.6376953125 0.4609375000 0.6494140625 0.4741210938
048103 0.6367187500 0.4746093750 0.6479492188 0.4877929688
049013 0.0925166011 0.4497328997 0.1021535620 0.4638671875
049013 0.0931586921 0.4638671875 0.1021535620 0.4792863727
004918 0.6894531250 0.3911132812 0.7070312500 0.4106445312
049551 0.2257812470 0.4632812440 0.2457031310 0.4828124940
050756 0.6477881074 0.5045556426 0.6614583731 0.5162760019
050756 0.6477881074 0.5169287324 0.6608088613 0.5286458731
052207 0.8847656250 0.4941406250 0.8901367188 0.5009765625
052207 0.8911132812 0.4946289062 0.8974609375 0.5009765625
052429 0.8437500000 0.4257812500 0.8593750000 0.4443359375
053326 0.7548828125 0.4438476562 0.7788085938 0.4702148438
053326 0.7553710938 0.4716796875 0.7797851562 0.4975585938
005332 0.4072265625 0.4536132812 0.4238281250 0.4731445312
005332 0.4077148438 0.4726562500 0.4238281250 0.4907226562
054339 0.6497412324 0.4244790077 0.6744807363 0.4583333433
054339 0.6503906250 0.4622397423 0.6751302481 0.4960937500
054608 0.2249999940 0.4696245193 0.2464843690 0.4928993285
054874 0.0000000000 0.2802734375 0.0175781250 0.3266601562
054874 0.0000000000 0.3261718750 0.0209960938 0.3750000000
055631 0.4058593810 0.4355468750 0.4187499881 0.4488281310
055631 0.4058593810 0.4515624940 0.4195312560 0.4652343690
005568 0.8090820312 0.4497070312 0.8403320312 0.4853515625
055730 0.7187500000 0.4738281369 0.7445312738 0.5000000000
055793 0.6983691454 0.4863539934 0.7080078125 0.4966334403
056245 0.8002002239 0.4411176741 0.8114213943 0.4512593150
056245 0.8004882932 0.4522148371 0.8122959733 0.4630655348
056360 0.4121093750 0.3671875000 0.4384765625 0.3950195312
056587 0.3734374940 0.2214843780 0.3894531131 0.2777343690
056649 0.5644531250 0.4462890625 0.5786132812 0.4604492188
056649 0.5639648438 0.4643554688 0.5781250000 0.4790039062
057496 0.3374023438 0.4052734375 0.3588867188 0.4248046875
058194 0.4458007812 0.4169921875 0.4614257812 0.4345703125
058719 0.9306347370 0.4848969579 0.9427212477 0.5003674030
059164 0.1445312500 0.4140625000 0.1790364683 0.4602867663
060478 0.9082031250 0.4459633827 0.9296875000 0.4680989683
060478 0.9075537324 0.4707031250 0.9290364981 0.4934895933
061238 0.4638671875 0.4931640625 0.4775390625 0.5073242188
061238 0.4638671875 0.4550781250 0.4760742188 0.4677734375
062247 0.6230468750 0.4443359375 0.6582031250 0.4799804688
062247 0.6240234375 0.4824218750 0.6586914062 0.5195312500
063112 0.5410156250 0.4770507812 0.5532226562 0.4887695312
063112 0.5415039062 0.4897460938 0.5532226562 0.5004882812
006319 0.6982421875 0.4589843750 0.7163085938 0.4785156250
006319 0.7182617188 0.4584960938 0.7358398438 0.4785156250
063254 0.9238281250 0.4414062500 0.9389648438 0.4624023438
063254 0.9238281250 0.4658203125 0.9379882812 0.4873046875
063264 0.8393554688 0.3408203125 0.8657226562 0.3686523438
063840 0.8256835938 0.4555664062 0.8359375000 0.4663085938
063840 0.8251953125 0.4702148438 0.8359375000 0.4809570312
064497 0.5917480588 0.4824682474 0.6010509729 0.4940941334
065050 0.9720068574 0.4622397423 0.9850260019 0.4785156250
065050 0.9726562500 0.4765625000 0.9856771231 0.4921875000
065821 0.8940429688 0.4770507812 0.9077148438 0.4960937500
065821 0.8930664062 0.4980468750 0.9067382812 0.5185546875
006704 0.8754882812 0.4648437500 0.8881835938 0.4814453125
006704 0.8769531250 0.4848632812 0.8837890625 0.5014648438
067401 0.0449218750 0.2749023438 0.0747070312 0.3159179688
067753 0.9277343750 0.4780273438 0.9648437500 0.5258789062
067753 0.9282226562 0.5356445312 0.9633789062 0.5810546875
067997 0.6601562500 0.4824218750 0.6812499762 0.5062500238
068353 0.5843750238 0.4902343750 0.5933593512 0.4992187619
006844 0.6431201100 0.4741469622 0.6578955054 0.4908511639
069776 0.2632890642 0.4078584015 0.2891391218 0.4863662124
069928 0.6713867188 0.4121093750 0.6967773438 0.4399414062
070050 0.3886913955 0.4708769619 0.4002939463 0.4834467769
070707 0.1876533180 0.4700903296 0.2307368219 0.5351943374
071937 0.1239975616 0.4670795798 0.1388250440 0.4934210479
072284 0.5566406250 0.3457031250 0.5885416269 0.3750000000
072765 0.4700522423 0.4622397423 0.4973958433 0.5371093750
073250 0.0364583507 0.4726562500 0.0722656250 0.5273437500
073250 0.0384114757 0.5260400176 0.0729166493 0.5800781250
073802 0.6379784942 0.4869960845 0.6585372090 0.5056280494
074148 0.6380224824 0.4661459923 0.6562500000 0.4843750000
075170 0.7552099824 0.4570312500 0.7799462676 0.4824218750
000751 0.7246093750 0.4780273438 0.7426757812 0.4995117188
077600 0.8447265625 0.4409179688 0.8618164062 0.4599609375
077600 0.8623046875 0.4414062500 0.8784179688 0.4609375000
077883 0.7239599824 0.4791665077 0.7421875000 0.4973958433
077883 0.7246093750 0.4973974526 0.7428385019 0.5169271231
007857 0.0760820284 0.0163999032 0.1589267552 0.1154750958
007857 0.0815292969 0.1066508815 0.1594755799 0.2208466828
078591 0.6791992188 0.4462890625 0.7031250000 0.4707031250
078591 0.6782226562 0.4726562500 0.7031250000 0.4956054688
079441 0.6879882812 0.4394531250 0.7036132812 0.4545898438
008012 0.0282893069 0.4475913048 0.0368148424 0.4568917453
008012 0.0290643554 0.4580541849 0.0368148424 0.4677424431
080265 0.6127929688 0.4707031250 0.6274414062 0.4853515625
080265 0.6123046875 0.4882812500 0.6264648438 0.5034179688
081000 0.8745117188 0.4243164062 0.8833007812 0.4375000000
081674 0.6542968750 0.3642578125 0.6899414062 0.3999023438
081674 0.6552734375 0.4062500000 0.6875000000 0.4418945312
081780 0.5742187500 0.4726562500 0.5957031250 0.4941406250
081780 0.5742187500 0.4934912026 0.5983072519 0.5169271231
082318 0.8580712676 0.4394531250 0.8932291269 0.4772135317
082401 0.6103515625 0.4560546875 0.6289062500 0.4741210938
082401 0.6293945312 0.4565429688 0.6479492188 0.4746093750
082508 0.4716796875 0.4560546875 0.4785156250 0.4628906250
083078 0.0963540003 0.4459633827 0.1158853993 0.4707031250
008320 0.6479492188 0.4584960938 0.6738281250 0.4858398438
008320 0.6484375000 0.4897460938 0.6728515625 0.5166015625
083828 0.0403646007 0.4557290077 0.0520833507 0.4674479067
083888 0.2631835938 0.2070312500 0.3237304688 0.2675781250
084294 0.7604150176 0.4785156250 0.7825521231 0.5019531250
084294 0.7610693574 0.5026025176 0.7819010019 0.5260416269
084963 0.2916665077 0.4257812500 0.3066406250 0.4407552183
084963 0.2923178673 0.4433593750 0.3079427183 0.4583333433
085822 0.8457031250 0.4414062500 0.8531249762 0.4519531131
085881 0.7182617188 0.4677734375 0.7456054688 0.4956054688
086245 0.8056640625 0.3564453125 0.8315429688 0.3842773438
086665 0.5932617188 0.4536132812 0.6093750000 0.4702148438
086665 0.5917968750 0.4707031250 0.6088867188 0.4882812500
087328 0.6614599824 0.4772133827 0.6783853769 0.4947916567
087328 0.6614599824 0.4947900474 0.6796875000 0.5123697519
087349 0.6196289062 0.4702148438 0.6333007812 0.4853515625
087349 0.6362304688 0.4697265625 0.6499023438 0.4848632812
087927 0.6479492188 0.3686523438 0.6884765625 0.4086914062
087927 0.6474609375 0.4150390625 0.6884765625 0.4560546875
088333 0.7753906250 0.3969726562 0.8066406250 0.4291992188
088333 0.7832031250 0.4926757812 0.8046875000 0.5263671875
088672 0.5332031250 0.4791665077 0.5423177481 0.4915364683
088672 0.5318993926 0.4915380776 0.5442708731 0.5019531250
088732 0.7436523438 0.3867187500 0.7636718750 0.4091796875
090326 0.2697631717 0.4752280414 0.2789488733 0.4892481565
090971 0.7401562333 0.4863476455 0.7527266741 0.5003674030
091061 0.7211914062 0.4663085938 0.7309570312 0.4750976562
091061 0.7211914062 0.4545898438 0.7309570312 0.4648437500
091207 0.1123046875 0.4677734375 0.1206054688 0.4780273438
091207 0.1113281250 0.4799804688 0.1215820312 0.4916992188
091534 0.9681006074 0.4700522423 0.9837239981 0.4889322817
091534 0.9687500000 0.4869790077 0.9837239981 0.5084635019
092572 0.6772460938 0.4038085938 0.6962890625 0.4223632812
093879 0.8243359327 0.4480698109 0.8549708724 0.4892386794
009401 0.2851562500 0.4350585938 0.2983398438 0.4477539062
094144 0.8906250000 0.1061196253 0.9687500000 0.1803383827
094144 0.8912743926 0.1855468750 0.9700522423 0.2682290077
094777 0.8346337676 0.4700522423 0.8554687500 0.4928385317
094935 0.7880859375 0.4428710938 0.8066406250 0.4824218750
094935 0.5141601562 0.4744296968 0.5285754800 0.4945482314
095658 0.7904345989 0.4863476455 0.7991349101 0.4964998662
096661 0.5867138505 0.4716176689 0.5960131288 0.4816932976
096661 0.5867138505 0.4813056588 0.5956256390 0.4911819398
097468 0.8328124881 0.4710937440 0.8437500000 0.4878906310
097848 0.6879882812 0.4594726562 0.6958007812 0.4667968750
097848 0.6879882812 0.4692382812 0.6958007812 0.4780273438
098439 0.7578125000 0.4189453125 0.7958984375 0.4624023438
098439 0.7548828125 0.4648437500 0.7919921875 0.5078125000
