010570 0.0705292970 0.4092260599 0.0821552724 0.4262773097
013073 0.1046318337 0.4309277236 0.1135447249 0.4441034198
013497 0.7343603373 0.4472138584 0.7453528643 0.4588550329
013802 0.0550283194 0.4339560568 0.0662894025 0.4448784590
013870 0.0616777353 0.4368833005 0.0770970210 0.4535875916
014663 0.6074218750 0.4052734375 0.6250000000 0.4223632812
001512 0.9559960961 0.4269702137 0.9695798159 0.4421656728
015332 0.9308837652 0.1398437470 0.9925180674 0.1945312470
015332 0.5857129097 0.4331386685 0.5961678624 0.4439781308
015779 0.7140527368 0.4152807593 0.7314549685 0.4326848686
017892 0.1232788116 0.3708037138 0.1503519565 0.4002939463
017912 0.3049819469 0.4479785264 0.3150576651 0.4592168927
017985 0.7414160371 0.3148129880 0.7780376673 0.3540039062
018506 0.3616181612 0.4259164929 0.3746712506 0.4384863377
001891 0.7962353230 0.4471884668 0.8049389124 0.4578241110
018935 0.0419921875 0.4462890625 0.0502929688 0.4560546875
019713 0.1743164062 0.4106445312 0.1884765625 0.4277343750
020015 0.7254883051 0.3880551755 0.7454638481 0.4083806574
002007 0.1561215818 0.3475790918 0.1728258729 0.3758480549
020605 0.6628076434 0.2049814463 0.6879447699 0.2745976448
020986 0.6000976562 0.4428710938 0.6323242188 0.4731445312
021126 0.8834033012 0.4407382905 0.8981805444 0.4587273896
021126 0.0777397454 0.2955385745 0.1098632812 0.3482216895
021529 0.7080078125 0.3759765625 0.7387695312 0.4091796875
021745 0.5998876691 0.4379028380 0.6068637967 0.4460410774
021960 0.6064990163 0.4542299807 0.6154918671 0.4638671875
022219 0.4100756943 0.4046587050 0.4282665551 0.4276364148
002298 0.5480468869 0.4585937560 0.5800781250 0.4929687381
023320 0.6515625119 0.4667968750 0.6621093750 0.4773437381
024804 0.4570312500 0.4511718750 0.4663085938 0.4624023438
025839 0.8967919946 0.4418701231 0.9083964825 0.4534730911
025883 0.8255810738 0.3976923823 0.8377878666 0.4150390625
026234 0.1025390625 0.4355468750 0.1240234375 0.4628906250
026325 0.7484814525 0.3970498145 0.7696854472 0.4176089764
027505 0.0998334959 0.4603364170 0.1130742654 0.4726231992
027865 0.6235253811 0.4293774366 0.6394159198 0.4452660084
028763 0.3483847678 0.4224018455 0.3623352945 0.4390652478
028808 0.5869140625 0.4653320312 0.6030273438 0.4814453125
029175 0.6743212938 0.4145478606 0.6944292188 0.4336962402
029363 0.6302099824 0.4736328125 0.6481119394 0.4925130308
029389 0.2534179688 0.3115234375 0.2895507812 0.3486328125
029507 0.4297651350 0.4510791004 0.4379030168 0.4599919319
029849 0.7392578125 0.4780273438 0.7519531250 0.4897460938
030178 0.6386474371 0.4206977487 0.6561077237 0.4388063848
030766 0.0006424756 0.4378364384 0.0113177681 0.4540046751
031445 0.3563002944 0.4375195205 0.3650023341 0.4462213814
032067 0.2823330164 0.4186650515 0.2944190800 0.4317179620
003448 0.6705712676 0.4632163048 0.6848958731 0.4785156250
034548 0.6690429449 0.4201787114 0.6787437797 0.4333091676
003457 0.3829155266 0.3906250000 0.4002621174 0.4097732902
034962 0.6860107183 0.4413867295 0.6966468096 0.4534730911
036046 0.2177993208 0.2441406250 0.2640573680 0.2878282368
036185 0.6574853659 0.3795058727 0.6816599369 0.4056118727
036465 0.4694160223 0.4496054649 0.4777388275 0.4591508210
036945 0.2306484431 0.1137182638 0.2685546875 0.1953125000
037124 0.9350585938 0.3100585938 0.9990234375 0.3945312500
037460 0.7348632812 0.4965820312 0.7514648438 0.5156250000
038365 0.2843520641 0.2269072235 0.3073299825 0.2795649469
039338 0.1020507812 0.3925781250 0.1166992188 0.4165039062
039762 0.8150928020 0.4389697313 0.8262105584 0.4515393078
039993 0.7701318264 0.4481552839 0.7788327932 0.4583075643
040022 0.9459472895 0.4456533194 0.9544735551 0.4565041959
040043 0.6591796875 0.4227485359 0.6733141541 0.4343133271
040087 0.0043945312 0.4238281250 0.0170898438 0.4404296875
040168 0.3646606505 0.4297651350 0.3782242239 0.4429408610
040486 0.4423828125 0.4228515625 0.4589843750 0.4379882812
040588 0.0986328125 0.3920898438 0.1079101562 0.4082031250
040879 0.3784179688 0.3920898438 0.3989257812 0.4135742188
040890 0.6357324123 0.4447709918 0.6439511180 0.4529896379
041139 0.6835937500 0.4243398309 0.6963821054 0.4371279776
041372 0.6409179568 0.4820869267 0.6496293545 0.4922650456
004233 0.0164372064 0.3224589825 0.0459274426 0.3654857874
042515 0.6660156250 0.4521484375 0.6787109375 0.4648437500
004256 0.5434570312 0.4013671875 0.5639648438 0.4223632812
043792 0.2924804688 0.2548828125 0.3129882812 0.3071289062
044027 0.0229779296 0.3140317500 0.0459558591 0.3484987915
044758 0.3492343724 0.4216679633 0.3654025495 0.4391297400
045259 0.8938915730 0.4249497056 0.9050123692 0.4409034550
045290 0.8895410299 0.4491220713 0.8996945024 0.4592744708
046127 0.6040039062 0.0522460938 0.7172851562 0.1367187500
004620 0.6192968488 0.4384863377 0.6328318119 0.4525062144
046473 0.3465839922 0.4001992047 0.3676470816 0.4241345227
046960 0.9102978706 0.4328652322 0.9203714132 0.4475911558
047240 0.5084326267 0.4406157136 0.5196707249 0.4537915587
000478 0.4535874128 0.4407387674 0.4632244110 0.4535876811
048010 0.9422851801 0.4472138584 0.9510166645 0.4578849077
048397 0.8855468631 0.4894531369 0.9027343988 0.5066406131
004918 0.4233398438 0.4165039062 0.4370117188 0.4311523438
049248 0.4341821373 0.4346782267 0.4474988282 0.4455567300
049490 0.1488642544 0.4237797856 0.1939912587 0.4950478375
050473 0.5114843845 0.4104462862 0.5308245420 0.4317179620
000505 0.0170898438 0.4228515625 0.0375976562 0.4492187500
050648 0.6969384551 0.4589843750 0.7148437500 0.4755857885
051290 0.6961621046 0.3935258687 0.7203357220 0.4162476659
051434 0.0850864276 0.4143139720 0.0976562500 0.4331683218
051886 0.4793681502 0.4599916935 0.4878937006 0.4677424431
052682 0.4201787114 0.4400956929 0.4298160076 0.4523026347
053311 0.9354833961 0.4270522594 0.9486606717 0.4406157136
053526 0.9296630621 0.3732783198 0.9437962174 0.3983347118
054608 0.8587597609 0.4732084870 0.8702790737 0.4896555543
055632 0.4641088843 0.4526630938 0.4728109241 0.4603982568
055742 0.9784960747 0.4104462862 0.9929997325 0.4312345088
055793 0.8827587962 0.1574062556 0.9566460252 0.2280786186
055813 0.8779296875 0.3281250000 0.9077148438 0.3613281250
056737 0.5801269412 0.4371279180 0.5909753442 0.4495287538
056922 0.1440673769 0.3969096541 0.1547029763 0.4186649024
056922 0.6497509480 0.4399365187 0.6637724042 0.4539565444
057389 0.4274887741 0.4067934453 0.4488307238 0.4287820756
057496 0.0810546875 0.4316406250 0.0957031250 0.4458007812
057710 0.5646240115 0.4530166090 0.5731491446 0.4615420401
058067 0.1771215796 0.3370097578 0.2039292455 0.3676470816
058194 0.2641601562 0.4379882812 0.2739257812 0.4487304688
058303 0.0113747558 0.4275234342 0.0238591805 0.4422274530
058323 0.5713866949 0.4468906224 0.5827038288 0.4601484835
058531 0.0151367188 0.4077148438 0.0815429688 0.4887695312
058978 0.7857470512 0.2216542959 0.8268657923 0.2672699094
059301 0.4150390625 0.4444907308 0.4255022407 0.4553416371
059476 0.8990136981 0.2336088866 0.9334788322 0.2776500583
059948 0.5897656083 0.4426655173 0.6013568640 0.4568001926
060075 0.4453125000 0.4062500000 0.4672851562 0.4252929688
060137 0.8010156155 0.4297651350 0.8176773190 0.4456535280
060572 0.6884765625 0.4853515625 0.6987304688 0.4960937500
061383 0.0000000000 0.3315429688 0.0454101562 0.3964843750
061448 0.8491210938 0.3759765625 0.8725585938 0.4047851562
061672 0.4811196327 0.3678383827 0.5006510019 0.3860677183
062596 0.3584008813 0.3526181579 0.3861656785 0.3851700127
062770 0.1933789104 0.4331684709 0.2083655745 0.4505724013
062770 0.8205029368 0.0497856438 0.8951821327 0.1522290111
006352 0.4727597535 0.4561167061 0.4785803258 0.4630587995
063704 0.6469726562 0.4501953125 0.6733398438 0.4765625000
064670 0.3761215806 0.4317177832 0.3901415467 0.4467048347
065142 0.6246923804 0.4417783320 0.6359282136 0.4545665979
065285 0.8262109160 0.3732207119 0.8513498306 0.4007773995
067226 0.9571874738 0.4588295817 0.9660993218 0.4696800709
067396 0.7478417754 0.4285307527 0.7561934590 0.4400954247
067704 0.9420947433 0.1637177765 0.9995405078 0.2383959889
067709 0.6879443526 0.4230161011 0.7034150958 0.4394531250
067754 0.6235253811 0.4297651350 0.6374782920 0.4433283806
068353 0.4390625060 0.4312500060 0.4542968869 0.4445312619
068493 0.6979541183 0.4040288031 0.7190166712 0.4212622643
068678 0.4707031250 0.2226562500 0.5317382812 0.2817382812
068778 0.6274023652 0.4413906336 0.6382533908 0.4530164897
069211 0.8735351562 0.2719726562 0.9150390625 0.3227539062
069211 0.6572265625 0.4545898438 0.6650390625 0.4628906250
069296 0.9589843750 0.3374023438 0.9907226562 0.3740234375
069321 0.5484374762 0.4871093631 0.5566406250 0.4960937500
069373 0.4102871120 0.4054526389 0.4272077978 0.4272077978
069928 0.6528320312 0.4389648438 0.6801757812 0.4692382812
070437 0.8378906250 0.4671874940 0.8699218631 0.4996093810
070489 0.3398632705 0.4167309701 0.3582340777 0.4360689819
071208 0.6265478730 0.3944926858 0.6478186846 0.4162476659
072425 0.3258432746 0.4109296799 0.3422803283 0.4312345088
072688 0.5636230707 0.4510942400 0.5730028749 0.4624120593
073019 0.1189985350 0.4174643457 0.1293461919 0.4352493584
074243 0.5913085938 0.4453125000 0.6000976562 0.4545898438
074380 0.3993271589 0.4452543855 0.4114132226 0.4587910175
007443 0.6882421970 0.4152807593 0.7114942670 0.4328647554
074818 0.7328076363 0.4460410178 0.7440475821 0.4568917453
075514 0.2089843750 0.4433593750 0.2182617188 0.4555664062
075600 0.1441591829 0.4413906336 0.1538473666 0.4549540877
076008 0.1194111332 0.4476718605 0.1305306107 0.4578241110
076521 0.6802099347 0.4244663119 0.6985806227 0.4384862185
076771 0.3212890625 0.3710937500 0.3530273438 0.4028320312
076771 0.5363281369 0.4796875119 0.5437499881 0.4875000119
077147 0.1666357368 0.4406157136 0.1743861884 0.4514664114
077156 0.5634765625 0.3208007812 0.6020507812 0.3603515625
077598 0.6821289062 0.2319335938 0.7524414062 0.2963867188
077988 0.6556933522 0.4293774366 0.6692553163 0.4406157136
078233 0.6009228230 0.4201152325 0.6173615456 0.4384862185
078349 0.7984374762 0.4437499940 0.8394531012 0.4890624881
078472 0.6568993926 0.4710288048 0.6803385019 0.4941406250
078624 0.6399072409 0.4285312593 0.6505792737 0.4391756952
078692 0.5700488091 0.4289897382 0.5843874216 0.4429408610
008012 0.8056640625 0.4534038007 0.8161272407 0.4627045989
080675 0.4680288136 0.4536020458 0.4746870697 0.4608154893
081000 0.7910156250 0.4008789062 0.8041992188 0.4169921875
081264 0.5749413967 0.4504477680 0.5846440196 0.4607952237
081686 0.2193388641 0.4146513641 0.2270895541 0.4336402416
082246 0.6069335938 0.3691406250 0.6425781250 0.4033203125
082748 0.7866210938 0.4711914062 0.8017578125 0.4858398438
083118 0.5593457222 0.4500888586 0.5709506273 0.4612076283
083195 0.1365771443 0.4461757839 0.1406462342 0.4566137195
083195 0.4599750936 0.4531059563 0.4689976573 0.4611186981
083599 0.8831689358 0.3968251944 0.8971199393 0.4189143181
083879 0.3290087879 0.4359653294 0.3410218358 0.4487537146
083899 0.9881250262 0.4478051662 1.0000000000 0.4645096660
084126 0.4471625984 0.3482216895 0.4850685894 0.3893400431
085822 0.7667968869 0.4289062619 0.7773437500 0.4406250119
086245 0.3237304688 0.3476562500 0.3540039062 0.3769531250
086506 0.4336518645 0.4234995246 0.4515393078 0.4418703616
087231 0.2842665911 0.3896582127 0.3089224994 0.4133470356
087685 0.5912548900 0.4476718605 0.6009243727 0.4568572342
087851 0.2771240175 0.4253188372 0.2962021828 0.4426654875
087970 0.5956054926 0.4430024326 0.6052117944 0.4535873532
088023 0.0397739261 0.4333090782 0.0488281250 0.4475372434
088185 0.4827841818 0.4152006805 0.4992756844 0.4326624572
088663 0.4168173969 0.4358960092 0.4271650016 0.4455970824
088690 0.0494707040 0.3193100691 0.0751696303 0.3501487374
088732 0.4189453125 0.4003906250 0.4360351562 0.4184570312
090209 0.0029006787 0.2523593605 0.0372253843 0.3016709089
090444 0.8189599514 0.4462212026 0.8305615783 0.4602413476
090520 0.1069570333 0.4317026436 0.1162574217 0.4452660084
090960 0.2797851562 0.4438476562 0.3002929688 0.4648437500
091207 0.8164062500 0.4511718750 0.8286132812 0.4648437500
091683 0.6893945336 0.4196318388 0.7043820024 0.4360689819
091814 0.1518554688 0.4584960938 0.1586914062 0.4667968750
091895 0.0531792007 0.4302675724 0.0657487810 0.4467048347
092152 0.4492187500 0.4437499940 0.4605468810 0.4554687440
092572 0.3662109375 0.3833007812 0.3886718750 0.4062500000
092777 0.4221064448 0.4375258684 0.4355982840 0.4497327209
093265 0.6726123095 0.4147973657 0.6871147156 0.4288172722
093332 0.6707422137 0.3687807620 0.7002980709 0.3964072764
093443 0.4651523530 0.4587275386 0.4737777412 0.4670096338
009356 0.1782612354 0.4464287162 0.1875620186 0.4568917453
093752 0.5907861590 0.4507710040 0.5979020000 0.4598251581
009401 0.0449218750 0.4350585938 0.0566406250 0.4487304688
094287 0.8208935261 0.3688701093 0.8498994708 0.3973932564
094297 0.7281249762 0.2785156369 0.7757812738 0.3277343810
094297 0.5703125000 0.4613281190 0.5773437619 0.4695312381
094932 0.2496093810 0.4714140594 0.2618222535 0.4896708429
095151 0.8242187500 0.4718750119 0.8500000238 0.4988281131
095500 0.5979492068 0.4293774366 0.6126766801 0.4441034198
095578 0.8688330054 0.4119389653 0.8858816624 0.4286024272
096676 0.7900390625 0.2285156250 0.8559570312 0.2958984375
097222 0.6015625000 0.3149414062 0.6440429688 0.3564453125
097426 0.8459668159 0.4553417861 0.8552662134 0.4654172957
097597 0.1689609438 0.4336401224 0.1782614291 0.4456535280
097776 0.5922851562 0.2856445312 0.6401367188 0.3334960938
098340 0.4156816304 0.4060444236 0.4314075708 0.4239169061
098619 0.4289091825 0.4228368998 0.4451852143 0.4439000487
098790 0.6411914229 0.4317426682 0.6521105766 0.4433074594
