010705 0.1419272423 0.2695312500 0.1712239683 0.3183593750
011184 0.2747397423 0.2063803673 0.3229166567 0.2486981899
000117 0.7622070312 0.4169921875 0.7788085938 0.4340820312
012614 0.5097656250 0.2138671875 0.5683593750 0.2656250000
012614 0.6889648438 0.2255859375 0.7416992188 0.2768554688
013274 0.8997412324 0.3287758827 0.9257812500 0.3574218750
001642 0.3925781250 0.3548178673 0.4257812500 0.3873697817
018247 0.7454443574 0.3860678673 0.7688802481 0.4108072817
019630 0.4858398438 0.3784179688 0.4975585938 0.3896484375
019630 0.5322265625 0.3779296875 0.5434570312 0.3891601562
020038 0.9072265625 0.3872070312 0.9218750000 0.4047851562
020038 0.9506835938 0.3925781250 0.9633789062 0.4091796875
002105 0.5324218869 0.3109374940 0.5738281012 0.3519531190
002105 0.3902343810 0.3148437440 0.4300781190 0.3566406369
021290 0.4796875119 0.2980468869 0.5054687262 0.3269531131
021290 0.2738281190 0.2804687619 0.3058593869 0.3121093810
022069 0.8544921875 0.3999023438 0.8745117188 0.4252929688
002273 0.9212256074 0.2897133827 0.9524739981 0.3261718750
023686 0.8463525176 0.2903647423 0.8743489981 0.3235677183
024019 0.5148437619 0.4328125119 0.5253906250 0.4429687560
025722 0.3207031190 0.2855468690 0.3503906131 0.3132812381
028229 0.3789062500 0.3580727577 0.3990885317 0.3776041567
028617 0.9153662324 0.2698569298 0.9332681894 0.2884116173
029998 0.6627587676 0.4010415077 0.6803385019 0.4192708433
000002 0.4124999940 0.3792968690 0.4363281131 0.4035156369
030838 0.4335937500 0.4096679688 0.4536132812 0.4287109375
031728 0.5083007812 0.3720703125 0.5332031250 0.3964843750
031728 0.5830078125 0.3725585938 0.6074218750 0.3964843750
031801 0.5144531131 0.2941406369 0.5542968512 0.3296875060
032521 0.7044287324 0.4153647423 0.7187500000 0.4335937500
033106 0.5375488400 0.4154599607 0.5559598207 0.4329497218
035161 0.8152343631 0.3898437619 0.8285156488 0.4050781131
036091 0.1790366173 0.2695312500 0.2024739683 0.3105468750
036167 0.6914062500 0.3665366173 0.7102864981 0.3860677183
036180 0.6796875000 0.3756508827 0.6979166269 0.3932291567
036786 0.0084635252 0.3450522423 0.0325521007 0.3776041567
037039 0.5324218869 0.2382812500 0.5820312500 0.2824218869
037039 0.3109374940 0.2488281280 0.3609375060 0.2941406369
037172 0.4280131757 0.3772319257 0.4514507353 0.3998325765
037451 0.7179687619 0.3816406131 0.7339843512 0.3984375000
041963 0.4609375000 0.4342446327 0.4739583433 0.4472656250
043326 0.5167968869 0.4109374881 0.5316406488 0.4253906310
043833 0.0364583507 0.2356772423 0.0677083507 0.2799479067
044983 0.8736962676 0.3359375000 0.8964843750 0.3626302183
046278 0.5097656250 0.4144531190 0.5249999762 0.4292968810
004710 0.1002602503 0.0286458489 0.2115883827 0.1100237817
048260 0.4720053673 0.4199218750 0.4843750000 0.4322916567
048869 0.5519531369 0.3035156131 0.5914062262 0.3417968750
004997 0.6848974824 0.3821616173 0.7037760019 0.4010416567
050739 0.3561196327 0.3111977577 0.3990885317 0.3515625000
051071 0.5085937381 0.3722656369 0.5332031250 0.3953124881
051306 0.5004882812 0.4184570312 0.5131835938 0.4316406250
052667 0.7363281250 0.3902343810 0.7519531250 0.4054687619
052777 0.4902343750 0.4613281190 0.4996093810 0.4722656310
052777 0.5218750238 0.4609375000 0.5316406488 0.4714843631
053003 0.6714843512 0.4093750119 0.6832031012 0.4203124940
053304 0.5558593869 0.1929687560 0.6171875000 0.2429687530
053944 0.5437499881 0.1695312560 0.6035156250 0.2160156220
053944 0.2714843750 0.1847656220 0.3234375119 0.2328124940
054525 0.2636718750 0.2578125000 0.3125000000 0.3046875000
055241 0.6513671875 0.4121093750 0.6621093750 0.4225260317
059732 0.4726562500 0.4127602577 0.4895837903 0.4303385317
063201 0.6222656369 0.4308593869 0.6304687262 0.4390625060
006365 0.0423177257 0.3828125000 0.0605468750 0.4095052183
065090 0.6347656250 0.4144531190 0.6441406012 0.4238281250
065357 0.4321289062 0.3964843750 0.4492187500 0.4135742188
065600 0.7923193574 0.3639321327 0.8144531250 0.3899739683
006560 0.1217446253 0.0377603993 0.2011718750 0.1028639153
066056 0.2688803673 0.2226562500 0.3261718750 0.2740883827
069241 0.4661459923 0.4316406250 0.4798177183 0.4453125000
069522 0.2942709923 0.2441406250 0.3509116173 0.2949218750
069700 0.0834960938 0.3017578125 0.1044921875 0.3359375000
006999 0.1536459923 0.3561196327 0.1679687500 0.3808593750
006999 0.1914062500 0.3697915077 0.2044270933 0.3919270933
071807 0.6940087676 0.3997397423 0.7083333731 0.4140625000
072517 0.0000000000 0.3430991173 0.0227864608 0.3789062500
072645 0.1894531250 0.2327475548 0.2252602577 0.2675782740
072694 0.4062500000 0.3828125000 0.4238281250 0.4016927183
072694 0.4928369224 0.3841147423 0.5097656250 0.4016927183
073110 0.6458349824 0.4179687500 0.6562500000 0.4296875000
000739 0.6577148438 0.4106445312 0.6679687500 0.4213867188
000073 0.1206054688 0.2949218750 0.1406250000 0.3291015625
080709 0.5117187500 0.4218750000 0.5253906250 0.4347656369
081601 0.1523437500 0.2389321327 0.1829427183 0.2910156250
008169 0.5167968869 0.2941406369 0.5449218750 0.3207031190
084263 0.5073242188 0.3896484375 0.5302734375 0.4121093750
084783 0.9635400176 0.3567709923 0.9798193574 0.3776041567
085195 0.2895507812 0.2812500000 0.3222656250 0.3125000000
085447 0.4733071327 0.4238281250 0.4869791567 0.4368489683
085447 0.5141601562 0.4228515625 0.5273437500 0.4355468750
008558 0.4732143581 0.4227119088 0.4829799235 0.4324776828
091702 0.7877587676 0.3391928673 0.8151041269 0.3684895933
091711 0.5151367188 0.3193359375 0.5541992188 0.3574218750
092367 0.0755209997 0.2369790077 0.1067708507 0.2845052183
093851 0.1510415077 0.2102866173 0.1809895933 0.2591145933
098793 0.5869140625 0.0004882812 0.7211914062 0.0727539062
