010056 0.2209350616 0.4326850474 0.2286703140 0.4476717412
010056 0.6221972704 0.4529897571 0.6318649650 0.4636254907
010191 0.4589843750 0.5065087676 0.4654947817 0.5117187500
001031 0.7411230206 0.3930419981 0.7638459206 0.4186649024
010388 0.0390625000 0.4023437500 0.0846353993 0.4550781250
010426 0.3246586919 0.4499848485 0.3370097578 0.4604718685
010446 0.6718750000 0.5052099824 0.6848958731 0.5169271231
010496 0.3839233518 0.2644453049 0.3992417455 0.3069887161
010502 0.2270893604 0.4231772423 0.2410404235 0.4406162500
001054 0.4684599638 0.4201152325 0.4819964468 0.4341351986
010570 0.7413330078 0.4429409206 0.7521856427 0.4549540877
011381 0.1412758827 0.4746093750 0.1673177183 0.5084635019
011621 0.7672314644 0.4558901489 0.7764255404 0.4660423398
011722 0.6014599800 0.4103500843 0.6198908091 0.4287820756
001191 0.2701821327 0.4420571327 0.2975260317 0.4707031250
012001 0.3404746056 0.4654013813 0.3515621126 0.4785155356
012253 0.4177519679 0.4444907308 0.4309275746 0.4592168927
012339 0.0074218749 0.4726562500 0.0253906250 0.4980468750
012339 0.7628906369 0.5140625238 0.7675781250 0.5203124881
012529 0.1512714773 0.2853095829 0.1953125000 0.3322227597
012604 0.0478707030 0.2259497046 0.0966988280 0.2776499093
012686 0.7664746046 0.3983344734 0.7831774354 0.4195363820
012858 0.0512695312 0.5014648438 0.0668945312 0.5229492188
013044 0.3844248056 0.4344155192 0.3944925666 0.4468161166
013497 0.6156885028 0.4371894598 0.6289450526 0.4498008192
013701 0.9727343917 0.2479702085 0.9985830188 0.3063725531
014092 0.5936718583 0.3906250000 0.6183283925 0.4162476659
014215 0.7154931426 0.4895849526 0.7584635019 0.5345068574
014359 0.6560791135 0.4483662248 0.6665437222 0.4584418535
001507 0.6436767578 0.4565044045 0.6537543535 0.4654172957
015332 0.4199218750 0.4687500000 0.4307572842 0.4790419936
015375 0.4288173914 0.4568574131 0.4409034550 0.4679764509
015705 0.7599804401 0.3949760795 0.7831838131 0.4191483259
015991 0.5724023581 0.3553335071 0.6052753925 0.3901414573
016188 0.0275564454 0.3920751810 0.0468943343 0.4167308509
016686 0.4344155192 0.4603793919 0.4444909692 0.4723927379
017483 0.8795556426 0.4941406250 0.8984375000 0.5143228769
017488 0.2508422732 0.3973266482 0.2661611438 0.4145603478
001774 0.3193359375 0.4980468750 0.3286132812 0.5073242188
017857 0.0603168942 0.3197763562 0.0919117704 0.3609451652
017912 0.1945375949 0.4483662248 0.2038380355 0.4580543041
017924 0.6284814477 0.4452543855 0.6371827722 0.4563737214
018605 0.2096738219 0.2604165077 0.2374387234 0.3197763562
018639 0.4533247054 0.4563764632 0.4613703191 0.4652543366
001891 0.6826269627 0.4418701231 0.6922957897 0.4539565444
019973 0.6379980445 0.4459204078 0.6483469605 0.4562681019
020351 0.1394169927 0.4047592878 0.1561214775 0.4259611368
000204 0.6103515625 0.4483662248 0.6204271913 0.4603794515
020874 0.2248662114 0.4034745991 0.2390008271 0.4208213389
020942 0.3951821327 0.5136718750 0.4055989683 0.5240885019
020974 0.1614584923 0.4531250000 0.1790364683 0.4746093750
021005 0.2473530322 0.3520766497 0.2814041972 0.3867701590
021529 0.3388671875 0.4707031250 0.3618164062 0.4936523438
021840 0.2505654395 0.3148129880 0.2646998465 0.3501490653
022037 0.6081738472 0.4520229399 0.6163946390 0.4612082541
022305 0.3732207119 0.4215654433 0.3906250000 0.4384862185
022415 0.6347558498 0.4235624969 0.6491084695 0.4379027486
022576 0.4410034120 0.4654174745 0.4483662248 0.4735553265
022599 0.0865371078 0.4312343895 0.0942722633 0.4438041449
022599 0.4834467769 0.4505722523 0.4906984866 0.4592744708
022599 0.8131591678 0.3944926858 0.8218595386 0.4118966758
022748 0.6864941120 0.4283339977 0.6995475292 0.4447710514
023170 0.8836914301 0.3743491173 0.9105009437 0.4011565447
023320 0.5566406250 0.4726562500 0.5636718869 0.4812499881
023651 0.4131015539 0.4088388681 0.4313150942 0.4274398386
023991 0.6913037300 0.4323857427 0.7086502910 0.4484477937
024352 0.0410929695 0.4771621227 0.0613977537 0.5008508563
024425 0.8068749905 0.3780551851 0.8320119381 0.4036780894
024550 0.3514848650 0.4193017483 0.3693111241 0.4363529384
024747 0.8750293255 0.4212392569 0.8889818788 0.4398406744
025091 0.5843750238 0.4636718631 0.6082031131 0.4867187440
025226 0.4212241173 0.4628906250 0.4388020933 0.4811197817
025332 0.3580727577 0.4453125000 0.3828125000 0.4713541567
025510 0.8846874833 0.4439506829 0.9129561782 0.5130829811
025579 0.2596108317 0.4056118131 0.2663792074 0.4225324690
002569 0.2163754851 0.3437119126 0.2489276826 0.3781786263
026065 0.5812890530 0.4565044045 0.5882647038 0.4646422267
026234 0.8031250238 0.4820312560 0.8078125119 0.4878906310
026582 0.4310454130 0.4611186385 0.4410699606 0.4721129835
026615 0.9815576077 0.4896679819 0.9995885491 0.5146372318
026628 0.5058593750 0.4941406250 0.5240885019 0.5117187500
002666 0.2958408296 0.2527573109 0.3360523880 0.2939261794
027237 0.1323501021 0.4389697313 0.1394171417 0.4539565444
027237 0.4462212026 0.4439506829 0.4567997158 0.4544399977
027505 0.0937500000 0.4679687619 0.0988281220 0.4746093750
028351 0.8411474824 0.4934912026 0.8619791269 0.5169271231
028592 0.6308984160 0.4389697313 0.6415347457 0.4500889778
028763 0.0569663085 0.4022509754 0.0716920868 0.4208519459
029002 0.6748632789 0.4281352460 0.6903844476 0.4430101514
029123 0.7394872904 0.3777754009 0.7561934590 0.3976922333
002915 0.3790605366 0.4233911037 0.3944798410 0.4407380819
029550 0.6463916302 0.4413906336 0.6580170989 0.4541790485
029849 0.6157226562 0.4833984375 0.6210937500 0.4902343750
030029 0.6479394436 0.4355776310 0.6611137986 0.4491412640
030205 0.6660156250 0.4563803673 0.6868489981 0.4759114683
030205 0.7154931426 0.5143212676 0.7265625000 0.5253906250
030649 0.0415764153 0.3113398552 0.0725170374 0.3548499644
030649 0.9161328077 0.4447709918 0.9248337150 0.4549234509
031005 0.1394169927 0.3154555559 0.1728258729 0.3552891016
031516 0.0434027836 0.4332529306 0.0546410158 0.4483662248
031602 0.3427636623 0.4162475467 0.3616182208 0.4365523458
031755 0.5136718750 0.4856772423 0.5384114981 0.5104166269
031765 0.3840371072 0.4282148480 0.4007010758 0.4433283806
032097 0.8442138433 0.2261513621 0.8776212931 0.3000361323
000321 0.4404296875 0.4765625000 0.4531250000 0.4902343750
032277 0.9335351586 0.2257695347 0.9760790467 0.2891010642
032356 0.3715463877 0.4310454130 0.3877146840 0.4468905330
033075 0.8830664158 0.4450019598 0.8920242786 0.4549893439
033768 0.6826269627 0.4293007851 0.6961633563 0.4452545047
033887 0.9804150462 0.4471625984 0.9881270528 0.4593698680
033902 0.7465575933 0.4150390625 0.7658306360 0.4343133271
033967 0.5927734375 0.4907226562 0.6005859375 0.4990234375
034063 0.1582031250 0.4218750000 0.1787109375 0.4492187500
034605 0.6922948956 0.4196318388 0.7096998692 0.4399365783
034626 0.5831835866 0.4688925743 0.6078352928 0.4935447276
034665 0.6115624905 0.4520229399 0.6197787523 0.4626585841
034711 0.4196318388 0.4486386776 0.4312345088 0.4597579241
034771 0.2832031250 0.4746093750 0.3105468750 0.5006510019
034867 0.2584633827 0.4570312500 0.3066406250 0.5084633827
035034 0.7861328125 0.4723564386 0.8020386696 0.4890853167
035089 0.8622412086 0.4100014567 0.8808438778 0.4309275746
035743 0.7812500000 0.3838569224 0.8049389124 0.4109297991
036412 0.1567641646 0.5081982613 0.1644736826 0.5345394611
036412 0.6219140887 0.5004882812 0.6366910338 0.5268297791
036546 0.8884814382 0.3389247954 0.9152879715 0.3724341393
036550 0.4224018455 0.4518539906 0.4317026436 0.4615420401
036685 0.7070312500 0.4785156250 0.7250976562 0.4975585938
036857 0.4203745127 0.4423632920 0.4307222664 0.4530344605
003691 0.7818993926 0.4658203125 0.7958968282 0.4811197817
037040 0.2210117131 0.3501489162 0.2512078583 0.3854852021
037104 0.4658203125 0.4838867188 0.4843750000 0.5034179688
037113 0.4481552839 0.4317177832 0.4607248008 0.4418703616
037460 0.2968750000 0.5058593750 0.3154296875 0.5244140625
037727 0.4176088870 0.3886977434 0.4381681681 0.4118267000
037789 0.1798115224 0.4499165118 0.1918247491 0.4626585841
038030 0.3949760795 0.4496054649 0.4109297991 0.4655592144
038053 0.8537158370 0.5917529464 0.8719312549 0.6122891903
038062 0.1715463847 0.5438085794 0.1868863702 0.5604431629
038527 0.7475585938 0.4707031250 0.7558593750 0.4946289062
038731 0.4503749907 0.4400956929 0.4600123465 0.4529451132
038731 0.9335156083 0.3527187407 0.9508634806 0.3790604472
038747 0.3128906190 0.4675781131 0.3214843869 0.4765625000
039338 0.1303710938 0.4956054688 0.1362304688 0.5014648438
039382 0.7172851562 0.4667968750 0.7485351562 0.4995117188
039591 0.6553027630 0.4332529306 0.6665426493 0.4464285672
039610 0.9519531131 0.4832031131 0.9597656131 0.4929687381
039762 0.6806933880 0.4234995246 0.6961633563 0.4394531250
039993 0.6507177949 0.4355854392 0.6642511487 0.4496055245
040008 0.0891538113 0.5606738329 0.0986279771 0.5745199919
004001 0.7903662324 0.4277343750 0.8138021231 0.4641927183
040022 0.8630175591 0.4371279180 0.8727058768 0.4487537146
040179 0.5312890410 0.4510791004 0.5417488813 0.4599919319
040428 0.8467822075 0.4458779395 0.8834033012 0.4869961441
041052 0.3098891675 0.3882080019 0.3321279287 0.4089959860
041097 0.6359277368 0.3836494088 0.6603422761 0.4088386595
041137 0.6260351539 0.4436567426 0.6367058158 0.4540045261
041274 0.0603925772 0.3180253804 0.0880191401 0.3578587472
041372 0.7951366901 0.4756205976 0.8214824796 0.5050779581
041372 0.5442431569 0.4876948297 0.5500176549 0.4941419959
041462 0.4644531310 0.4859375060 0.4703125060 0.4914062619
041568 0.6118164062 0.4907226562 0.6279296875 0.5097656250
041626 0.3906250000 0.4312343895 0.4041615129 0.4486386180
041895 0.2117187530 0.4722656310 0.2246093750 0.4855468869
042293 0.4398408234 0.4472036064 0.4514664114 0.4588293433
042329 0.3808593750 0.4960937500 0.3901367188 0.5039062500
042332 0.6393212676 0.4407553673 0.6712239981 0.4908852577
042877 0.9114599824 0.4830727577 0.9212239981 0.5032552481
043248 0.6227539182 0.4344155192 0.6355406642 0.4483662248
043479 0.0087020509 0.4428374171 0.0178875495 0.4539565444
043598 0.4089961052 0.4346186519 0.4239827991 0.4496055245
043929 0.8872070312 0.4799804688 0.8984375000 0.4926757812
004407 0.5390234590 0.4174326062 0.5562576652 0.4384956956
044480 0.6432909966 0.4456533194 0.6533668041 0.4565041959
044600 0.3101069331 0.3657324314 0.3440604508 0.3982843161
044680 0.6148486137 0.4465205073 0.6244860291 0.4580849111
044883 0.6138378978 0.4518539906 0.6250774860 0.4619295299
044980 0.6730517745 0.4339042902 0.6852583289 0.4461115301
045290 0.7875341773 0.4409033060 0.7976872325 0.4534730911
004541 0.8175097704 0.5013329983 0.8469987512 0.5332418084
045495 0.4002939463 0.4389697313 0.4128630459 0.4525062144
045777 0.8227148652 0.3913998902 0.8463541269 0.4154266119
046120 0.4036782086 0.4447709918 0.4162476659 0.4583075643
046163 0.3766743243 0.4309277236 0.3906250000 0.4429408610
046204 0.6279980540 0.4476718605 0.6396000981 0.4592744708
046266 0.6435546875 0.4645180702 0.6585286856 0.4814453125
046346 0.8262012005 0.4856943488 0.8358998299 0.5002458692
046459 0.8176318407 0.3552006781 0.8453967571 0.3877527416
046506 0.7889599800 0.4330283105 0.7998818159 0.4497327209
046601 0.3470053673 0.4837241173 0.3652343750 0.5019531250
046674 0.3603515625 0.5092773438 0.3691406250 0.5185546875
046746 0.9431542754 0.2300063521 0.9836297631 0.2923261821
046904 0.9124169946 0.3494560421 0.9363511205 0.3733915389
046949 0.4713608325 0.4099628925 0.4937065840 0.4305400252
046960 0.7378466725 0.4185268581 0.7522432208 0.4324776828
047057 0.9459228516 0.3322226703 0.9746476412 0.3676470816
047234 0.9606103301 0.4583334923 0.9798177481 0.4827474058
047910 0.4201152325 0.4452543855 0.4331683218 0.4602413476
048397 0.6648437381 0.4902343750 0.6761718988 0.5011718869
048435 0.1102260724 0.3084389567 0.1508353949 0.3543659747
048540 0.8088085651 0.3891748190 0.8310450315 0.4152807593
004863 0.9773388505 0.4553417861 0.9862506390 0.4665801227
048965 0.7250586152 0.4018632770 0.7428850532 0.4208519459
004902 0.0390625000 0.4522216916 0.0449218750 0.4609375000
004902 0.9148437381 0.4519531131 0.9214843512 0.4601562619
049478 0.6049267650 0.4545664191 0.6142268181 0.4630921483
049763 0.3920751810 0.4399365187 0.4056118727 0.4539565444
049997 0.9177929759 0.4498266578 0.9369525313 0.4746076763
050248 0.6903613210 0.4365522563 0.7043820024 0.4510558546
050345 0.4293007851 0.4583076239 0.4365524352 0.4679763615
050732 0.1284951121 0.3949760795 0.1484118104 0.4163234830
050756 0.0742187500 0.5208349824 0.1093750000 0.5618489981
050937 0.4892382920 0.3427543938 0.5093443990 0.4021137655
051031 0.1586914062 0.2794765532 0.2120170891 0.3302324116
051290 0.3176245093 0.3915917873 0.3393796384 0.4172145426
051564 0.0592446290 0.4648437500 0.0930988267 0.5071614981
051633 0.0931586921 0.4664370120 0.1342760324 0.5242597461
052075 0.3527187407 0.4233911037 0.3694233000 0.4413805604
052281 0.8682714701 0.3379291892 0.8982441425 0.3761215806
052497 0.2112661153 0.3427636623 0.2455909699 0.3766050339
052682 0.0340511724 0.4349555671 0.0462582037 0.4484477937
005275 0.7386230230 0.4111635685 0.7572234869 0.4305400252
005282 0.0064247558 0.3308750093 0.0353361331 0.3719932139
052988 0.8129394650 0.4249018431 0.8258743882 0.4433335066
053194 0.9272460938 0.4931640625 0.9492187500 0.5302734375
005345 0.6381494403 0.4510556757 0.6458849311 0.4587910175
054036 0.8474267721 0.3681381941 0.8705540299 0.3964072764
054091 0.6956787109 0.4302675724 0.7106613517 0.4457379282
054490 0.7979540825 0.3655683696 0.8275082111 0.3983347118
054607 0.1843901426 0.4882812500 0.2120166570 0.5197625756
054663 0.6081738472 0.4486386776 0.6173615456 0.4568572342
054963 0.6643213034 0.4548725486 0.6739563942 0.4659690559
055157 0.3606513739 0.4133471549 0.3785388172 0.4312345088
055200 0.4602411985 0.4355854392 0.4723275006 0.4471878409
055359 0.2239584923 0.4401040077 0.2552083433 0.4720052183
055540 0.9047851562 0.2314453125 0.9506835938 0.2978515625
055869 0.7793115377 0.4107763767 0.7967509627 0.4297649860
055926 0.7601855397 0.1953125000 0.7946538329 0.2652036250
055943 0.4282148480 0.4568915963 0.4375154674 0.4669673741
056350 0.8388671875 0.3437500000 0.8706054688 0.3808593750
056374 0.3824062645 0.4389697313 0.3978767097 0.4529896379
056576 0.2662758827 0.4915380776 0.2845052183 0.5117187500
056737 0.4119389653 0.4410034120 0.4224020541 0.4522414505
056763 0.2022880912 0.4475913048 0.2123635709 0.4596042931
056997 0.5045556426 0.4355776310 0.5161830783 0.4468161166
057018 0.4348027408 0.4530166090 0.4433283806 0.4623170793
057098 0.2364052683 0.3553335071 0.2678295374 0.3882077634
057237 0.8242773414 0.3848237395 0.8474822044 0.4118966758
005728 0.6400830150 0.4481552839 0.6512028575 0.4597579241
057404 0.7747412324 0.4869790077 0.7988281250 0.5117187500
057689 0.6770068407 0.4313149452 0.6925068498 0.4464285672
057710 0.4425532222 0.4545664191 0.4506277442 0.4635027945
057710 0.9056445360 0.4243398309 0.9153335690 0.4413907826
058030 0.7617187500 0.4780273438 0.7778320312 0.4960937500
058223 0.6415331960 0.4355854392 0.6541035175 0.4467048347
058247 0.4146513641 0.4553417861 0.4274398386 0.4673549235
058250 0.4047592878 0.4722192287 0.4156815410 0.4824989736
058303 0.6319921613 0.4483310580 0.6422563195 0.4602605402
058323 0.4119672775 0.4475371242 0.4242549837 0.4611186981
005836 0.7614306808 0.3906250000 0.7822169065 0.4104463458
058534 0.8564208746 0.3417968750 0.8769788146 0.3674958944
058660 0.5696631074 0.4720053673 0.6015625000 0.5026041269
059076 0.9895995855 0.4860620201 1.0000000000 0.5093660355
059471 0.6110790968 0.4549233317 0.6207456589 0.4636254907
059798 0.3956626058 0.4537914991 0.4041883647 0.4646422267
005997 0.6482568383 0.3822729588 0.6662469506 0.4015470743
060137 0.6165527105 0.4146513641 0.6363157034 0.4348028302
060572 0.4726562500 0.4921875000 0.4794921875 0.5000000000
060636 0.4585317373 0.4701728523 0.4653223157 0.4772868156
060750 0.8537646532 0.3775717914 0.8803566098 0.4036780894
061035 0.9238671660 0.3538828194 0.9499729276 0.3862739801
061377 0.7052929401 0.4193017483 0.7215712070 0.4371279776
061524 0.6819775105 0.4171411097 0.7007320523 0.4349260330
061789 0.4757114351 0.4462212026 0.4844136834 0.4554068744
061789 0.9451367259 0.3606513739 0.9625425339 0.3867574334
061901 0.8199267387 0.4365522563 0.8334622383 0.4529896379
062526 0.3507812619 0.4812499881 0.3750000000 0.5050781369
062599 0.4274887741 0.4543281198 0.4381596744 0.4656457007
062728 0.3002929688 0.5043945312 0.3188476562 0.5229492188
062790 0.3456264734 0.4298789203 0.3599877357 0.4480698705
063065 0.7972021699 0.3795058727 0.8233098388 0.4051284194
063266 0.8756933808 0.3636411130 0.8994655013 0.3931949139
063704 0.3517036140 0.4837319255 0.3650610447 0.4982436001
064400 0.0918549821 0.4563735425 0.1015238315 0.4694259763
064400 0.4607246220 0.4684599638 0.4708765745 0.4771619737
064488 0.4266035259 0.3874126077 0.4465199709 0.4060443938
064774 0.4066870213 0.4433081150 0.4188939035 0.4555149972
064834 0.4214638770 0.4465205073 0.4317434132 0.4567999542
065050 0.7382812500 0.4433593750 0.7617187500 0.4680989683
065096 0.2647002041 0.3707075119 0.2929688096 0.4021892548
065142 0.4921582043 0.4359653294 0.5053323507 0.4491412640
065388 0.4128906131 0.4828124940 0.4234375060 0.4933593869
065488 0.1503906250 0.4726562500 0.1790364683 0.5091146231
065599 0.6336035132 0.4425532222 0.6436787248 0.4553416371
006599 0.1549101621 0.5513671637 0.1629042029 0.5621715784
066004 0.4084511697 0.4751054645 0.4158141017 0.4820808470
066004 0.8916943073 0.4410034120 0.8994470835 0.4530164897
066205 0.7018212676 0.4707031250 0.7246093750 0.4934895933
000662 0.7077636719 0.4297841787 0.7242032886 0.4467048347
066414 0.1624379903 0.3451811671 0.1933787167 0.3799891472
067033 0.4251147509 0.4514663219 0.4344152808 0.4607670009
006704 0.5649414062 0.4897460938 0.5693359375 0.4960937500
067226 0.8758056760 0.4541791975 0.8866567612 0.4669673741
067262 0.8066406250 0.4946289062 0.8310546875 0.5229492188
067280 0.7587646246 0.4709345698 0.8082319498 0.5242597461
067638 0.2094614208 0.3412421942 0.2405339777 0.3761986792
067664 0.8466796875 0.4653320312 0.8608398438 0.4799804688
067704 0.0248927735 0.2084106505 0.0842526332 0.2843520641
067754 0.4007006884 0.4328652322 0.4142640233 0.4472036064
067763 0.4631420970 0.4428374171 0.4728109837 0.4529897571
067800 0.7163622975 0.4208212793 0.7343493104 0.4381681681
068066 0.3574218750 0.4837241173 0.3678385317 0.4954427183
068430 0.0957290009 0.3116005957 0.1252826601 0.3572162688
068430 0.9527881145 0.4542299807 0.9630684853 0.4664369524
068473 0.0957031250 0.4848632812 0.1079101562 0.5053710938
068474 0.3142402470 0.3587172925 0.3451810181 0.3901413977
068714 0.0966894552 0.4341352582 0.1087755337 0.4496055245
068778 0.4906054735 0.4359653294 0.5010696054 0.4483662248
069444 0.0004834468 0.2484917045 0.0348081551 0.3084389567
069658 0.8037256002 0.3987631798 0.8207775354 0.4162016511
069828 0.7055664062 0.4736328125 0.7216796875 0.4907226562
070027 0.4399365187 0.4423539937 0.4515393078 0.4558903277
070288 0.5638476610 0.4448784292 0.5762493610 0.4580543041
070386 0.4760742188 0.4985595644 0.5120527148 0.5371093750
070437 0.4156250060 0.4730468690 0.4355468750 0.4937500060
070661 0.6420165896 0.4413867295 0.6536200643 0.4529896379
070914 0.6058545113 0.4600121975 0.6135638952 0.4690069854
070979 0.4509297013 0.3867827058 0.4681631327 0.4088034630
071155 0.1081889644 0.4755859375 0.1389199197 0.5087890625
071174 0.6270556450 0.4490903318 0.6366930604 0.4580849111
071208 0.3500156105 0.3882080019 0.3712871075 0.4104463458
007153 0.0274860356 0.4549746215 0.0346000493 0.4630587995
007153 0.4485073388 0.4578847587 0.4565915465 0.4662924409
007153 0.8617675900 0.4284584820 0.8685585260 0.4423634410
071937 0.7150732279 0.4523027241 0.7257199883 0.4709344208
072078 0.4297651350 0.4448784292 0.4429408610 0.4576667845
072688 0.4297519624 0.4536811411 0.4388063848 0.4630587995
072771 0.1818203181 0.3411543071 0.2165142149 0.3784179688
072809 0.8880908489 0.3200419843 0.9233833551 0.3621016741
072880 0.8262109160 0.3862739205 0.8479656577 0.4094794393
072960 0.7585302591 0.4041616321 0.7797996402 0.4268834889
007331 0.1165366247 0.4889306724 0.1419270933 0.5260416269
073802 0.2955385745 0.3527187407 0.3302323222 0.3861275315
073970 0.5805127025 0.4545664191 0.5871000886 0.4619295299
074240 0.7529590130 0.3689238429 0.7789248824 0.3964378834
074535 0.8030029535 0.3814394474 0.8262105584 0.4041615129
074818 0.6026025414 0.4367402196 0.6153894067 0.4483662248
075282 0.4281352460 0.4552978575 0.4365428090 0.4640288651
075448 0.0058593750 0.4674477577 0.0234375000 0.4915364683
075545 0.6274414062 0.4819335938 0.6347656250 0.4887695312
075547 0.1562500000 0.4856772423 0.1848958433 0.5182291269
075547 0.3697915077 0.4804687500 0.4023437500 0.5143228769
075547 0.6087256074 0.4791665077 0.6412760019 0.5123697519
075547 0.8125000000 0.4785156250 0.8404947519 0.5091146231
075711 0.9001074433 0.3417968750 0.9213095903 0.3707082570
076040 0.9123144746 0.3552890718 0.9348016381 0.3861276805
076122 0.0744047835 0.4348027408 0.0840928704 0.4491412640
076228 0.9492187500 0.4759116173 0.9589843750 0.4928385317
076286 0.4428374171 0.4583076239 0.4515393078 0.4684599042
076434 0.3665366173 0.4830727577 0.3841145933 0.5006510019
076568 0.5040869117 0.4829101562 0.5097941160 0.4892578125
077147 0.0980439484 0.4348027408 0.1065693349 0.4460410774
077147 0.5995019674 0.4561167061 0.6091889739 0.4658048451
077156 0.4184570312 0.4985351562 0.4262695312 0.5063476562
078233 0.3920751810 0.4157641530 0.4089959860 0.4326846302
078349 0.2757812440 0.4746093750 0.2980468869 0.4980468750
078441 0.4111840725 0.3797031343 0.4311009347 0.3989771903
078591 0.4638671875 0.4775390625 0.4707031250 0.4838867188
078591 0.2216796875 0.3559570312 0.2563476562 0.3940429688
078678 0.3619482517 0.3964380026 0.3844245970 0.4181392491
007888 0.7740868926 0.4967431724 0.7962223887 0.5175781250
079126 0.3775717914 0.4365522563 0.3925587833 0.4520227611
079416 0.8503808379 0.3659692407 0.8774558902 0.3940091431
079464 0.8692675829 0.3983344734 0.8872584701 0.4195366204
079495 0.2845053673 0.4388022423 0.3131510317 0.4667968750
079572 0.4213022590 0.4824218750 0.4371213317 0.4979265630
079688 0.3706054688 0.4970703125 0.4067382812 0.5371093750
079688 0.6010742188 0.4892578125 0.6425781250 0.5327148438
079688 0.8041992188 0.5058593750 0.8374023438 0.5419921875
079920 0.1388369203 0.4771508873 0.1483851522 0.4882813394
080045 0.7109375000 0.4589843750 0.7363281250 0.5156250000
008012 0.0236390140 0.4088388681 0.0379774421 0.4293774962
008012 0.6739062667 0.4444907308 0.6843777299 0.4545665979
080215 0.4277343750 0.4726562500 0.4384765625 0.4838867188
080239 0.3430991173 0.4902343750 0.3535156250 0.5000000000
080622 0.2373725623 0.4307509661 0.2451075166 0.4457379282
080622 0.6255810261 0.4471884668 0.6352490783 0.4578241110
080765 0.3972128928 0.4297651350 0.4138764739 0.4456535280
008100 0.8900244236 0.3621015549 0.9175819755 0.3935256898
081264 0.4210214913 0.4404233396 0.4320157170 0.4527110755
081392 0.6069335938 0.4814453125 0.6132812500 0.4877929688
008153 0.1079360321 0.3090307713 0.1310649961 0.3520764709
008153 0.7452782989 0.4227475524 0.7606879473 0.4394530654
081593 0.6556884646 0.6095752120 0.6781684160 0.6308908463
081595 0.4804687500 0.4889306724 0.4993489683 0.5091146231
081686 0.1054067388 0.3472221792 0.1232329085 0.3832620084
082216 0.7405615449 0.4478608370 0.7527939081 0.4603807628
082324 0.4061259627 0.4541791975 0.4169767201 0.4665798843
008241 0.6059570312 0.4736328125 0.6245117188 0.5239257812
082524 0.5526318550 0.4620888531 0.5623318553 0.4711429179
008266 0.4080292881 0.4442875981 0.4196317792 0.4563737810
082748 0.6381835938 0.4765625000 0.6464843750 0.4843750000
083118 0.4302675724 0.4554067254 0.4418699741 0.4674930274
083422 0.3156044781 0.3954755962 0.3372697830 0.4184343815
000834 0.5983056426 0.4596352577 0.6321598887 0.4934895933
083572 0.7385644317 0.4612973630 0.7471969724 0.4704961777
083632 0.4355854392 0.4607246220 0.4433206916 0.4689433575
008371 0.6211718917 0.4547119141 0.6306041479 0.4649769068
083895 0.4022509754 0.4204643667 0.4189143181 0.4379030168
083944 0.4103886783 0.4510791004 0.4227895439 0.4650297761
084252 0.0616777353 0.4349555671 0.0732421875 0.4529449344
084252 0.4439506829 0.4452353418 0.4542300701 0.4580849111
084252 0.7876757979 0.3848427832 0.7973118424 0.4041169882
084327 0.4138764739 0.4472036064 0.4247272015 0.4576667845
084374 0.4488305748 0.4659692347 0.4549748898 0.4717896581
084476 0.2705078125 0.4897460938 0.2788085938 0.4985351562
008629 0.0004834468 0.3398632705 0.0212716796 0.3795057237
086340 0.1716235280 0.4143139720 0.1832263172 0.4317179620
086340 0.6454004049 0.4346186519 0.6570041776 0.4471886158
086368 0.2809555531 0.4367402196 0.2867683470 0.4491412640
086368 0.6091894507 0.4487538934 0.6177145243 0.4568917453
086368 0.9525341988 0.4371279180 0.9610615373 0.4479786754
086506 0.2402729541 0.4225327075 0.2571937144 0.4418703616
086596 0.7358056903 0.4046450257 0.7536935806 0.4230158329
086658 0.8760351539 0.3628598750 0.9018841982 0.3982843161
086812 0.1282553673 0.4941406250 0.1555989683 0.5286458731
087531 0.3360146582 0.3019633889 0.3694233000 0.3340871632
087691 0.3191406131 0.4765625000 0.3363281190 0.4949218631
087862 0.6444775462 0.4411176741 0.6575151086 0.4547119141
087876 0.0781250000 0.4710937440 0.1058593765 0.5074218512
087959 0.2881816328 0.2709482312 0.3274356425 0.3082873523
088267 0.3979877830 0.4235644639 0.4173642099 0.4410032332
088472 0.0989414081 0.2704819441 0.1195003912 0.3096731007
088472 0.9823437333 0.4156816304 0.9939092994 0.4304584563
089092 0.8020361066 0.3857905269 0.8213760853 0.4075456560
008961 0.3824062645 0.4786123037 0.3915919065 0.4921485782
089739 0.0718061551 0.4203046858 0.1091452166 0.4691328108
089780 0.3026059568 0.4028320312 0.3270199299 0.4278885722
089860 0.3169951141 0.3979877830 0.3390841782 0.4212394655
090013 0.1670434624 0.3854853511 0.1779656708 0.4028320312
090013 0.6411914229 0.4330283105 0.6521124244 0.4458778799
090426 0.2300063521 0.3527187407 0.2576326132 0.3842002451
090444 0.7024462819 0.4389697313 0.7130839825 0.4505724013
090495 0.6623925567 0.4420229495 0.6745990515 0.4555149972
090520 0.0182136726 0.4220146537 0.0290643554 0.4375152290
090520 0.6143945456 0.4533579051 0.6231244802 0.4627354145
091075 0.3122431636 0.4606547952 0.3295898438 0.4869962931
091084 0.7180810571 0.4320903420 0.7393972874 0.4522414207
091200 0.4464287162 0.4696801901 0.4537915587 0.4774305522
091213 0.6608740091 0.4457377791 0.6695737839 0.4558903277
091261 0.4344155192 0.4483662248 0.4437159300 0.4580543041
091399 0.4399365187 0.4554067254 0.4500889778 0.4650757909
091574 0.2508422732 0.3676469624 0.2795649469 0.3973269165
091731 0.6424999833 0.4418701231 0.6536200643 0.4529896379
091767 0.6487841606 0.4384863377 0.6565207243 0.4491220713
091792 0.6845605373 0.4268833101 0.7005143762 0.4418703616
091961 0.6855322123 0.4134887755 0.7010324001 0.4282148778
009231 0.1821289062 0.2397460938 0.2138671875 0.3017578125
009242 0.8416406512 0.4041171968 0.8570621014 0.4214638174
092456 0.2984375060 0.4748574197 0.3148437440 0.4926266074
093127 0.4410034120 0.4599916935 0.4503038228 0.4708426297
093194 0.3700659275 0.4058232307 0.3906250000 0.4278885126
093332 0.1593339890 0.3071030378 0.2010947764 0.3456517160
093350 0.0991064459 0.4297841787 0.1068417504 0.4423538148
093350 0.5922216773 0.4607246220 0.5989905596 0.4694268107
093491 0.7913134694 0.4576640725 0.8117517829 0.4859856069
093504 0.4541572332 0.4663642645 0.4608154297 0.4730224609
009356 0.0685917959 0.4452661276 0.0759548843 0.4545665979
009356 0.8087646365 0.2127509713 0.8424789310 0.2797929645
093610 0.8157177567 0.2039292008 0.8530560732 0.2747778296
093873 0.0502783209 0.2866840959 0.0918548852 0.3359956145
009389 0.4203745127 0.4436567426 0.4336325824 0.4578849077
094200 0.8442138433 0.3739204109 0.8711965084 0.4015470743
094307 0.4737778306 0.2958696187 0.4834467769 0.3403465450
094307 0.8919579983 0.4504477680 0.9021117091 0.4627358019
094598 0.0212716796 0.4239829183 0.0309405755 0.4355855584
094598 0.6023730636 0.4544399381 0.6120436192 0.4641088843
094932 0.0962890610 0.4785839915 0.1031766087 0.4871087968
094966 0.8339453340 0.3930419981 0.8508663774 0.4118966758
095018 0.4177876115 0.4362192452 0.4307222664 0.4491540492
095303 0.0861674771 0.2987133861 0.1129748523 0.3303079009
095377 0.4492187500 0.4703613222 0.4676642716 0.4887035191
095500 0.3929502070 0.4328652322 0.4080636203 0.4468161166
095714 0.3084389567 0.3780551851 0.3330948353 0.4017442763
096053 0.4534731507 0.4539565444 0.4616915882 0.4650757909
096069 0.6695752144 0.4336518645 0.6821433902 0.4476717412
096439 0.3561352491 0.4526289105 0.3642732799 0.4615420401
009652 0.0000000000 0.4471884668 0.0116027342 0.4597579241
009652 0.4428374171 0.4616918862 0.4549234509 0.4732943773
096661 0.4107763767 0.4375156164 0.4247272015 0.4520227611
096676 0.2988281250 0.4946289062 0.3139648438 0.5102539062
096688 0.6339892745 0.4402280152 0.6452288032 0.4534040093
097222 0.3505859375 0.4819335938 0.3657226562 0.4985351562
097426 0.7452099323 0.4433286190 0.7564483881 0.4561167061
097496 0.7218896747 0.4222197235 0.7381662726 0.4404104054
097673 0.9363525510 0.2460556626 0.9765625000 0.3006279171
097727 0.6120458841 0.4539565444 0.6202622056 0.4631420374
097737 0.2144609392 0.2967983484 0.2393535674 0.3542431593
098018 0.4323857427 0.4163242280 0.4458778799 0.4298160076
009823 0.3177705109 0.4189145565 0.3247458041 0.4332527220
009823 0.6250781417 0.4495288134 0.6328279972 0.4568917453
009823 0.9738476276 0.4278271496 0.9819878340 0.4398406744
009854 0.7696484327 0.4312343895 0.7827003598 0.4462213814
098551 0.8407129049 0.4607246220 0.8494160175 0.4699102640
009952 0.4255034328 0.4351894557 0.4375157356 0.4460408092
