012503 0.5288085938 0.1748046875 0.5815429688 0.2192382812
014663 0.6938476562 0.4287109375 0.7050781250 0.4418945312
016921 0.0000000000 0.2172851562 0.0317382812 0.2734375000
018935 0.1269531250 0.4335937500 0.1391601562 0.4472656250
019713 0.3349609375 0.3911132812 0.3554687500 0.4145507812
024352 0.4003349543 0.4805131853 0.4078258276 0.4913330078
035422 0.9492187500 0.4023437500 0.9682617188 0.4248046875
040588 0.2324218750 0.3735351562 0.2460937500 0.3935546875
040879 0.6064453125 0.3867187500 0.6274414062 0.4072265625
042515 0.7553710938 0.4619140625 0.7651367188 0.4731445312
004256 0.7778320312 0.3930664062 0.7993164062 0.4140625000
048887 0.8793945312 0.1850585938 0.9438476562 0.2470703125
004918 0.5942382812 0.3925781250 0.6118164062 0.4101562500
054607 0.5298584104 0.4935986400 0.5429106355 0.5071358085
056360 0.2783203125 0.3740234375 0.3027343750 0.3999023438
056587 0.2042968720 0.0535156243 0.2554687560 0.1378906220
057496 0.2343750000 0.4052734375 0.2534179688 0.4252929688
058194 0.3691406250 0.4189453125 0.3837890625 0.4350585938
058828 0.8598632812 0.1806640625 0.9238281250 0.2451171875
059076 0.8492187262 0.4905029237 0.8567107320 0.4991011322
059978 0.6943359375 0.4941406250 0.7055664062 0.5058593750
060484 0.4409179688 0.4560546875 0.4462890625 0.4624023438
061448 0.9335937500 0.4248046875 0.9453125000 0.4428710938
063264 0.6914062500 0.3330078125 0.7207031250 0.3613281250
063702 0.5043945312 0.4262695312 0.5151367188 0.4379882812
063704 0.6453173757 0.4228515625 0.6762002110 0.4496192336
070386 0.6682959199 0.5061084032 0.6812686324 0.5197604299
072200 0.9819335938 0.4365234375 0.9887695312 0.4458007812
074518 0.3756381869 0.4960156381 0.3886913657 0.5085860491
074638 0.2583007812 0.2983398438 0.2949218750 0.3364257812
075564 0.6044921875 0.2451171875 0.6645507812 0.3007812500
076858 0.6139306426 0.3587241173 0.6484375000 0.3919270933
080117 0.4130859375 0.4008789062 0.4306640625 0.4194335938
081000 0.8286132812 0.4213867188 0.8369140625 0.4335937500
082508 0.4404296875 0.4555664062 0.4453125000 0.4624023438
083888 0.0302734375 0.2626953125 0.0668945312 0.3090820312
085822 0.8070312738 0.4402343631 0.8148437738 0.4488281310
086245 0.6591796875 0.3457031250 0.6879882812 0.3759765625
088732 0.6313476562 0.3808593750 0.6533203125 0.4038085938
088999 0.3867187500 0.4321289062 0.3979492188 0.4448242188
089453 0.5664062500 0.4379882812 0.5766601562 0.4482421875
091814 0.8457031250 0.1752929688 0.8876953125 0.2416992188
092572 0.5898437500 0.4042968750 0.6064453125 0.4213867188
009401 0.2221679688 0.4360351562 0.2338867188 0.4501953125
