010063 0.6689453125 0.3779296875 0.6943359375 0.4072265625
010128 0.6587011814 0.2632890642 0.7084863186 0.3140317500
010159 0.6499999762 0.4687500000 0.6582031250 0.4773437381
010270 0.0330144539 0.4247490168 0.0454989262 0.4388104379
010496 0.2297793031 0.3370097578 0.2422257811 0.3714767098
010502 0.4754931629 0.4503037035 0.4871186614 0.4627045989
012000 0.9589843750 0.3945312500 0.9908837676 0.4290366173
012198 0.8554687500 0.5000000000 0.8754882812 0.5229492188
012529 0.5285058618 0.4168173969 0.5461635590 0.4365544021
012552 0.6041650176 0.3372397423 0.6393228769 0.3717447817
012579 0.7934570312 0.4709345698 0.8082304597 0.4844265580
012596 0.7467431426 0.3990883827 0.7727864981 0.4251302183
012704 0.6889648438 0.3935546875 0.7055664062 0.4096679688
013041 0.6406250000 0.4290366173 0.6679687500 0.4557291567
013059 0.5403662324 0.5078125000 0.5481771231 0.5175781250
013098 0.9478857517 0.4328652322 0.9556362033 0.4452660084
013101 0.8144531250 0.4348959923 0.8320312500 0.4576822817
013802 0.5875537395 0.4559448361 0.5956384540 0.4633821249
014092 0.7256543040 0.4529897571 0.7362894416 0.4655592144
014663 0.7397460938 0.4301757812 0.7500000000 0.4433593750
014724 0.6243017316 0.4421660304 0.6351531744 0.4530164897
015023 0.5859375000 0.4500888586 0.5956064463 0.4708770514
001512 0.8388085961 0.4478608370 0.8491566181 0.4599919319
015642 0.3899741173 0.3893227577 0.4108072817 0.4095052183
015713 0.6458349824 0.3170571327 0.6757812500 0.3450520933
015766 0.0006424756 0.4433081150 0.0115645463 0.4580849111
015779 0.8131591678 0.4225327075 0.8257271051 0.4370358884
016360 0.1298828125 0.4199218750 0.1538085938 0.4560546875
016921 0.2065429688 0.1552734375 0.2817382812 0.2192382812
017892 0.4133471549 0.3640356362 0.4380027950 0.3872408569
017985 0.0488281250 0.4298159182 0.0963712856 0.4818564355
017985 0.5730859637 0.4201787114 0.5897923112 0.4375256896
018203 0.0302734375 0.3720703125 0.0458984375 0.3881835938
018390 0.6634863019 0.2412685603 0.7218901515 0.3015854359
018605 0.7862890363 0.4568915963 0.7952008843 0.4661923349
018660 0.6809912324 0.4348959923 0.7226610780 0.4804687500
018935 0.1801757812 0.4335937500 0.1918945312 0.4462890625
019000 0.3460595608 0.5665624738 0.3565227985 0.5785745382
019485 0.3840371072 0.4382905364 0.3937251866 0.4518539011
019497 0.6927099824 0.4921875000 0.7122396231 0.5123697519
001951 0.7327734232 0.4536059499 0.7410905957 0.4619209468
019713 0.4267578125 0.3916015625 0.4492187500 0.4145507812
019973 0.6965283155 0.4595019519 0.7039622664 0.4682326317
020566 0.5905859470 0.4297651350 0.6022135019 0.4425534606
020863 0.6868066192 0.3520766497 0.7150717974 0.3797029853
021126 0.0950864255 0.3713505864 0.1092208028 0.3951223195
021126 0.9444384575 0.4523027241 0.9527909160 0.4632247090
021294 0.1708984375 0.4014277458 0.1825653315 0.4247614741
021588 0.5488281250 0.3834633827 0.5755208731 0.4095052183
021683 0.7434912324 0.4628906250 0.7571614981 0.4759114683
022183 0.5726220608 0.4430595636 0.5831632018 0.4547119141
002231 0.8030956984 0.4388105571 0.8210834265 0.4548724592
022515 0.2714843750 0.2167968750 0.3287758827 0.2740883827
022599 0.5535449386 0.4476718605 0.5622485876 0.4573406875
023272 0.6464843750 0.4438476562 0.6738281250 0.4707031250
023475 0.5468750000 0.3268227577 0.5865917206 0.3665361702
002377 0.4995117188 0.3090820312 0.5307617188 0.3383789062
023791 0.1223959997 0.1523437500 0.1542968750 0.1959635317
023978 0.5361425877 0.4167309701 0.5525798202 0.4341351986
024550 0.5270361304 0.4433286190 0.5371093750 0.4541790485
024804 0.5136718750 0.4589843750 0.5214843750 0.4667968750
024931 0.4277343750 0.3776040077 0.4498694837 0.3984375000
025217 0.7905859351 0.4458725452 0.8005089164 0.4575448334
025226 0.6210937500 0.4212241173 0.6412760019 0.4414062500
025332 0.6438818574 0.3893227577 0.6725243926 0.4160156250
025503 0.6031835675 0.4610737264 0.6112005711 0.4703049362
025589 0.2949218750 0.2486977577 0.3509116173 0.3014321327
025773 0.6130126715 0.4602417052 0.6236532927 0.4708772898
026325 0.8660547137 0.4182514548 0.8801912069 0.4343133271
026615 0.5326660275 0.4455566406 0.5437677503 0.4569313824
026672 0.7220068574 0.4381508827 0.7330728769 0.4492187500
026682 0.7696874738 0.3276625872 0.8268632889 0.4041171968
027040 0.7552099824 0.2473959923 0.8059897423 0.3027343750
027083 0.8470068574 0.3502602577 0.8763021231 0.3873696327
027745 0.5882617235 0.3712485433 0.6192646623 0.3995380998
027865 0.5956249833 0.4541791975 0.6045386791 0.4642547369
002799 0.4467773438 0.3896484375 0.4628906250 0.4086914062
028530 0.4537758827 0.3893227577 0.4759114683 0.4108069837
028988 0.7827148438 0.4697265625 0.7934570312 0.4780273438
029071 0.4692382812 0.2597656250 0.5092773438 0.2973632812
029178 0.5026025176 0.4029946327 0.5240885019 0.4244790077
029324 0.0912314430 0.5615234375 0.1201428697 0.6071392298
029448 0.5371093750 0.4601484239 0.5464869738 0.4692027271
029507 0.5347851515 0.4483662248 0.5421472192 0.4580543041
029785 0.7773437500 0.3613281250 0.8085937500 0.3906250000
029875 0.1077319309 0.4452661276 0.1162574217 0.4568917453
030029 0.0236390140 0.4328652322 0.0341021977 0.4456535280
030205 0.8593750000 0.4218750000 0.8763021231 0.4407552183
030915 0.6256493926 0.3873696327 0.6575521231 0.4205729067
000309 0.0797685534 0.4399365187 0.0894371569 0.4544402361
031005 0.5486719012 0.4086142480 0.5647357702 0.4298160076
031565 0.8574218750 0.3583984375 0.8793945312 0.3837890625
031602 0.5395263433 0.4409033060 0.5511293411 0.4544399977
031826 0.1163618192 0.4858520627 0.1265644580 0.4999417067
032162 0.2873349488 0.2354384810 0.3117487729 0.3042368293
032277 0.4036782086 0.4616918862 0.4133470356 0.4723275006
032477 0.8710937500 0.4368491173 0.9153678417 0.4876303673
032920 0.2641601562 0.4799804688 0.2978515625 0.5131835938
033127 0.5801367164 0.4409033060 0.5917503834 0.4534730911
033175 0.0309405755 0.3959428668 0.0468943343 0.4220490158
033187 0.2325380892 0.4520229399 0.2426902801 0.4650757909
003360 0.0128495116 0.4111840725 0.0276264157 0.4304584563
034334 0.9179687500 0.3906250000 0.9388021231 0.4147133827
034623 0.8789062500 0.4524741173 0.8990885019 0.4759116173
034867 0.4908837974 0.3782553673 0.5175781250 0.4029947817
003492 0.6165381074 0.4694008827 0.6523437500 0.5169271231
035089 0.7471484542 0.4557290077 0.7545108199 0.4665798843
035408 0.5855517387 0.4514663219 0.5975632071 0.4619295299
035587 0.4703935683 0.4471884668 0.4805460870 0.4587910175
035646 0.6690918207 0.4351020455 0.6850441098 0.4510558546
035655 0.5826806426 0.3548178673 0.6158853769 0.3880208433
036060 0.7102881074 0.4563803673 0.7350260019 0.4811197817
036118 0.4296875000 0.1918945312 0.4799804688 0.2338867188
036185 0.2663793862 0.4583076239 0.2953862846 0.4877977967
036185 0.5632177591 0.4370361269 0.5757851005 0.4491220713
036466 0.4537758827 0.4205727577 0.4700520933 0.4361979067
036686 0.5468750000 0.5130224824 0.5579427481 0.5247412324
036756 0.6354150176 0.1614584923 0.6868491173 0.2031250000
036799 0.6888037324 0.3085937500 0.7343927026 0.3535156250
036966 0.4798178673 0.3164062500 0.5208333731 0.3561197817
003721 0.8059912324 0.3346352577 0.8385416269 0.3704427183
037500 0.4902343750 0.2858071327 0.5410156250 0.3339843750
003815 0.3880209923 0.2936196327 0.4251302183 0.3261718750
038175 0.8383935690 0.4373300672 0.8500693440 0.4500677586
038395 0.1225585938 0.4658203125 0.1586914062 0.5107421875
038486 0.2978032231 0.2634785175 0.3156907856 0.3147236407
039380 0.8198242188 0.3652343750 0.8530273438 0.3989257812
039565 0.6669921875 0.3471679688 0.6953125000 0.3740234375
040179 0.6173291206 0.4549540877 0.6274026632 0.4650297761
040486 0.5253906250 0.4399414062 0.5366210938 0.4516601562
040588 0.2963867188 0.3666992188 0.3125000000 0.3872070312
040879 0.6904296875 0.3891601562 0.7099609375 0.4082031250
041052 0.5404931903 0.4288173914 0.5540300012 0.4433206916
041141 0.6132812500 0.3138022423 0.6569010019 0.3567708433
041294 0.0846352503 0.2552084923 0.1223958507 0.3138022423
041626 0.5356591940 0.4544399381 0.5448446870 0.4650755227
041857 0.0644531250 0.0638022497 0.1464843750 0.1569008827
004233 0.0894374996 0.3949760795 0.1015238315 0.4157642126
042493 0.6210937500 0.4518227577 0.6380208731 0.4700520933
042515 0.7958984375 0.4633789062 0.8046875000 0.4741210938
004256 0.8613281250 0.3955078125 0.8803710938 0.4155273438
004257 0.2543945312 0.4892578125 0.2700195312 0.5117187500
043134 0.6459960938 0.4848632812 0.6772460938 0.5146484375
043144 0.5507812500 0.2571616173 0.6132812500 0.3131508827
043393 0.5515527129 0.3492245972 0.5931797624 0.3900546432
043852 0.6927099824 0.2656250000 0.7408853769 0.3144531250
044539 0.8422851562 0.4296875000 0.8666992188 0.4550781250
044600 0.5280517340 0.4330493212 0.5400048494 0.4462438822
044609 0.6391601562 0.4990234375 0.6513671875 0.5102539062
044610 0.2558593750 0.2571616173 0.3085937500 0.3079428673
044718 0.7311181426 0.3040366173 0.7760400176 0.3483072817
044957 0.5155761838 0.4143881798 0.5348527431 0.4343048334
044966 0.6171875000 0.3691406250 0.6393228769 0.3899739683
004496 0.5559912324 0.1940102577 0.6315102577 0.2591147423
045417 0.3098959923 0.3554687500 0.3268229067 0.3723958433
045438 0.2862006724 0.3761215806 0.2968363166 0.3969098032
045546 0.7028222680 0.4344843626 0.7183766365 0.4506878853
045703 0.5893213153 0.4520229399 0.5989905596 0.4597579241
045835 0.8470068574 0.4407553673 0.9016943574 0.5013022423
045973 0.5478515625 0.3476562500 0.5698242188 0.3686523438
046163 0.5165722370 0.4468159080 0.5247085690 0.4568917453
046346 0.5513378978 0.4449501932 0.5600683093 0.4540042877
046428 0.0141344722 0.4413803816 0.0218441412 0.4529451132
046462 0.7768554688 0.3041992188 0.8261718750 0.3549804688
046591 0.6725243926 0.5357470512 0.6791382432 0.5433337092
046949 0.5883544683 0.4752280414 0.6022135019 0.4902189076
047240 0.4216269553 0.4561167061 0.4293774962 0.4658048451
047637 0.0790244117 0.3417968750 0.1143604964 0.3816303313
047899 0.6386718750 0.4446616173 0.6582047343 0.4635419548
047948 0.1202919930 0.4016196430 0.1299931705 0.4174643159
048010 0.4882812500 0.4517412186 0.4944250882 0.4585316479
048010 0.4281352460 0.4730830193 0.4329858124 0.4808438420
048096 0.7505664229 0.4582499862 0.7598606944 0.4679723978
048356 0.7167968750 0.4589843750 0.7415364981 0.4856770933
048406 0.4989160299 0.4409033060 0.5095529556 0.4539565444
048435 0.5564453006 0.4094794989 0.5772354603 0.4307511747
048866 0.7067236304 0.2589174807 0.7536236048 0.3077456057
049100 0.6963818073 0.4572792947 0.7056826949 0.4665798843
004918 0.6694335938 0.3911132812 0.6875000000 0.4101562500
049284 0.5657568574 0.3196616173 0.6080744863 0.3606770933
049566 0.6835937500 0.2412685603 0.7400810719 0.2967983484
049699 0.4897460938 0.7031250000 0.5961914062 0.8027343750
049699 0.1596679688 0.6923828125 0.2988281250 0.7700195312
049983 0.5482079983 0.3911796808 0.5679044127 0.4117099047
049994 0.6165381074 0.3144531250 0.6510416269 0.3450520933
005051 0.6595068574 0.3170571327 0.6888021231 0.3444010317
050716 0.6341162324 0.3795571327 0.6588541269 0.4036458433
051111 0.7044287324 0.4511718750 0.7278646231 0.4752604067
051564 0.6894531250 0.4121093750 0.7083333731 0.4303385317
051753 0.6701904535 0.2546723485 0.7295498252 0.3092446327
051776 0.6084131002 0.4224018455 0.6235278845 0.4379028380
052207 0.8862304688 0.4580078125 0.8959960938 0.4692382812
052304 0.6733398438 0.3999023438 0.6923828125 0.4199218750
052333 0.8383789062 0.2910156250 0.8740234375 0.3291015625
052335 0.3886718750 0.4531250000 0.4003906250 0.4674479067
052461 0.7421875000 0.3274741173 0.7688802481 0.3665364683
005257 0.6223193407 0.4231772423 0.6366804838 0.4384829998
005282 0.7459570169 0.4486386776 0.7561107874 0.4597579241
052875 0.7980126739 0.6187304854 0.8057867289 0.6274754405
052893 0.6708984375 0.4824218750 0.6918945312 0.5039062500
052988 0.8153955340 0.4816933572 0.8269774318 0.4937064350
053127 0.9003906250 0.3001303673 0.9414062500 0.3463541567
053268 0.7141943574 0.3515625000 0.7539062500 0.3925781250
053459 0.2315707952 0.4322016537 0.2446240783 0.4467048347
053468 0.6536181569 0.4515390694 0.6632889509 0.4621751606
053500 0.6286914349 0.4557290077 0.6362231970 0.4637457132
053722 0.4723276496 0.4476718605 0.4829633236 0.4583075643
054091 0.7628808618 0.4486386776 0.7706141472 0.4583075643
054093 0.7226562500 0.5039062500 0.7369791269 0.5195312500
054180 0.6041650176 0.4075522423 0.6250000000 0.4303385317
054267 0.3359375000 0.4440102577 0.3515625000 0.4596354067
054528 0.6992187500 0.3704428673 0.7213541269 0.3919270933
054528 0.9342431426 0.4225258827 0.9479166269 0.4388020933
054677 0.6490868926 0.3372397423 0.6875000000 0.3750000000
054963 0.7317773700 0.4606547952 0.7388464212 0.4704961777
055359 0.4179687500 0.2766928673 0.4531250000 0.3072916567
055777 0.9381493926 0.4544272423 0.9589843750 0.4765625000
056057 0.1217446253 0.3483071327 0.1855468750 0.4134116173
056272 0.5468750000 0.3403320312 0.5673828125 0.3618164062
056350 0.7143554688 0.4433593750 0.7246093750 0.4545898438
056360 0.3847656250 0.3696289062 0.4111328125 0.3955078125
056587 0.9560546875 0.4052734375 0.9653320312 0.4179687500
056587 0.3507812619 0.1957031190 0.3734374940 0.2570312619
056922 0.1460009813 0.4143139720 0.1556698680 0.4297841787
056922 0.7261376977 0.4428374171 0.7362894416 0.4549234509
057018 0.5243213177 0.4565044045 0.5297464132 0.4658048451
057064 0.7275390625 0.4042968750 0.7412109375 0.4194335938
057153 0.8847656250 0.4521484375 0.9047851562 0.4741210938
057278 0.9750976562 0.4726562500 0.9877929688 0.4902343750
057437 0.5163232684 0.4578237236 0.5269569755 0.4694268107
057496 0.3178710938 0.4038085938 0.3374023438 0.4252929688
057698 0.5816406012 0.3894531131 0.6078125238 0.4152343869
057768 0.5801367164 0.4631420970 0.5960898995 0.4771623015
058008 0.5805127025 0.4572792947 0.5898127556 0.4661923349
058061 0.2398779243 0.3786118031 0.2503410280 0.4076760709
058194 0.4306640625 0.4169921875 0.4453125000 0.4316406250
058303 0.6788769364 0.4635898471 0.6858092546 0.4716353118
005841 0.6123046875 0.2812500000 0.6494140625 0.3168945312
058604 0.0937500000 0.1835937500 0.1367187500 0.2493491173
005869 0.6710253954 0.4049863219 0.6908522844 0.4234993756
059301 0.5371093750 0.4444907308 0.5460224748 0.4541790485
059350 0.7895507812 0.4624023438 0.8071289062 0.4819335938
059926 0.7356787324 0.3619790077 0.7649739981 0.3912761807
060037 0.0240885261 0.3691406250 0.0559896007 0.4173177183
060268 0.0390625000 0.4726562500 0.0611978993 0.4960937500
060484 0.4628906250 0.4550781250 0.4707031250 0.4614257812
060522 0.5774121284 0.4565044045 0.5855499506 0.4638671875
060637 0.6640625000 0.1474609375 0.7260742188 0.2001953125
060750 0.8445800543 0.4341352582 0.8561842442 0.4476717412
061411 0.0768681616 0.3770883679 0.0957224593 0.4051284194
061448 0.9882812500 0.4311523438 0.9990234375 0.4467773438
061558 0.4713608325 0.4152807593 0.4877977967 0.4317177832
061789 0.5564453006 0.4447709918 0.5670830607 0.4563737810
062770 0.3693535030 0.4322016537 0.3843401968 0.4486386180
006319 0.6977539062 0.3715820312 0.7329101562 0.4057617188
063264 0.8090820312 0.3403320312 0.8359375000 0.3666992188
063581 0.7495117188 0.4707031250 0.7607421875 0.4829101562
063645 0.6640625000 0.4765625000 0.6809896231 0.4947916567
063786 0.5892675519 0.5692920089 0.6034157872 0.5834406018
063857 0.0377603993 0.3131508827 0.0839848667 0.3639321327
063857 0.7428368926 0.3854165077 0.7662776113 0.4082035720
064086 0.8936328292 0.4324775338 0.9048703909 0.4452660084
064142 0.9389648438 0.2724609375 0.9687500000 0.3066406250
064190 0.7582714558 0.2163754851 0.8224189281 0.2757353485
064371 0.6061181426 0.4531250000 0.6256510019 0.4720052183
064408 0.6106787324 0.3730468750 0.6308593750 0.3919269443
064670 0.5607959032 0.4360688329 0.5733678937 0.4500889778
064752 0.5936718583 0.3824062645 0.6202622056 0.4094794393
065052 0.6533203125 0.4511718750 0.6616210938 0.4604492188
065096 0.5493164062 0.4304584861 0.5640933514 0.4458778799
065285 0.9543261528 0.4094794989 0.9668935537 0.4278503954
065305 0.9348974824 0.2981772423 0.9700521231 0.3450520933
065419 0.6660156250 0.3886718750 0.7018212676 0.4238281250
065768 0.1790366173 0.2364814430 0.2154182196 0.2958408296
065779 0.9114599824 0.3704428673 0.9290381074 0.3919270933
065815 0.6731787324 0.2988281250 0.7057291269 0.3300781250
066117 0.1204741225 0.4517314434 0.1315932572 0.4647843242
006619 0.5725342035 0.3590302765 0.6022135019 0.3896675706
066251 0.7187500000 0.4316406250 0.7317692637 0.4440104067
066414 0.5448437333 0.4080292881 0.5675665140 0.4317179620
066589 0.4653222561 0.6050146222 0.4801971316 0.6208609343
067262 0.8139648438 0.4804687500 0.8212890625 0.4892578125
067316 0.5394531488 0.4742187560 0.5441406369 0.4792968631
067401 0.0073242188 0.2670898438 0.0410156250 0.3100585938
067709 0.8088085651 0.4346186519 0.8175085187 0.4462213814
068066 0.4661459923 0.4583334923 0.4772135317 0.4694010317
068231 0.6299804449 0.3446689546 0.6644454598 0.3810508847
068330 0.6791992188 0.1025390625 0.7509765625 0.1596679688
068353 0.5210937262 0.4429687560 0.5328124762 0.4554687440
068419 0.8639306426 0.4492187500 0.8847656250 0.4700520933
068462 0.7044287324 0.4694008827 0.7382812500 0.5052083731
068714 0.3674194217 0.4539565444 0.3775719106 0.4660426676
069243 0.9023437500 0.3326821327 0.9342447519 0.3684895933
069373 0.5545117259 0.4186650515 0.5704671741 0.4341351986
069636 0.1588540077 0.4993505776 0.1777343750 0.5175781250
070288 0.6804980636 0.4487534165 0.6913428903 0.4607671499
070439 0.9692382812 0.4262695312 0.9931640625 0.4531250000
070489 0.5772363544 0.4259164929 0.5931891799 0.4399365783
070501 0.5312500000 0.3424477577 0.5670572519 0.3756510317
071001 0.8445800543 0.4322016537 0.8547338843 0.4467048347
071249 0.5062549114 0.5368652344 0.5145148635 0.5460976362
071616 0.7558593750 0.3408203125 0.7910156250 0.3779296875
071751 0.3268227577 0.3951821327 0.3489581943 0.4166666567
072200 0.0302734375 0.3593750000 0.0498046875 0.3891601562
072284 0.6067724824 0.3489584923 0.6367187500 0.3782552183
072461 0.3593750000 0.2532553673 0.4244790077 0.3118491173
072478 0.7565087676 0.4713540077 0.7701822519 0.4830729067
072550 0.5398242474 0.4336401224 0.5537729263 0.4475911558
072737 0.7734375000 0.0520834960 0.8385415077 0.1015625000
072809 0.8083251715 0.4201152325 0.8189588189 0.4365524352
007286 0.5101269484 0.4272460938 0.5261873007 0.4458778799
072960 0.7923681736 0.4375195205 0.8030050993 0.4510558546
073121 0.2355405241 0.4841196239 0.2441407293 0.4985462427
073224 0.0522460938 0.4780273438 0.0776367188 0.5073242188
073464 0.6460840106 0.4614419043 0.6538441181 0.4688793421
073802 0.5454638600 0.4381679595 0.5589535236 0.4548725188
074240 0.7614843845 0.4239521623 0.7734994888 0.4367404282
074380 0.5511279106 0.4467045963 0.5593479276 0.4592744708
007443 0.5913622975 0.4526289105 0.6033761501 0.4658048451
074638 0.3281250000 0.3120117188 0.3686523438 0.3535156250
074650 0.9199218750 0.4023437500 0.9361978769 0.4212239683
074722 0.1171875000 0.3007812500 0.1381835938 0.3339843750
075067 0.2962241173 0.0358072743 0.3743491173 0.0878902823
075148 0.9264306426 0.3990883827 0.9505208731 0.4270833433
075703 0.5859375000 0.4394531250 0.5987870097 0.4542300701
075973 0.8475390673 0.4698496163 0.8575641513 0.4860176742
076122 0.0236390140 0.4778183699 0.0325521007 0.4886689484
076122 0.5347851515 0.4599916935 0.5405973792 0.4665798843
076521 0.0497949235 0.3993271589 0.0609143078 0.4167310894
076521 0.7681982517 0.4307509661 0.7797996402 0.4462213814
076611 0.7994775176 0.4739584923 0.8483071327 0.5221353769
076675 0.8784179688 0.4628906250 0.8876953125 0.4741210938
077352 0.7382812500 0.4150390625 0.7680664062 0.4453125000
007736 0.7962256074 0.0690102503 0.8580727577 0.1204428747
077713 0.0664062500 0.2255859375 0.0888671875 0.2597656250
077713 0.0795898438 0.6157226562 0.1972656250 0.6396484375
077713 0.1665039062 0.5937500000 0.2680664062 0.6083984375
077794 0.8404931426 0.4498696327 0.8580728769 0.4680989683
077883 0.5358056426 0.4023437500 0.5546875000 0.4212239683
077988 0.7618749738 0.4371279180 0.7703993320 0.4472036064
078431 0.7143554688 0.4414062500 0.7236328125 0.4521484375
078441 0.5762988329 0.3886977434 0.5981445312 0.4105417430
078573 0.7597656250 0.4296875000 0.7805989981 0.4550781250
079126 0.5298584104 0.4529897571 0.5404934883 0.4641087949
079157 0.6386718750 0.4290366173 0.6569010019 0.4466145933
079559 0.4916992188 0.4506835938 0.5053710938 0.4643554688
079596 0.2467446327 0.4869790077 0.2812500000 0.5273436308
080117 0.4541015625 0.4179687500 0.4697265625 0.4326171875
080235 0.8147607446 0.0890395492 0.9191176891 0.1790366173
080765 0.5115332007 0.4518539906 0.5196707249 0.4623170793
008099 0.5839843750 0.4589843750 0.5957031250 0.4707031250
081000 0.8652343750 0.4223632812 0.8754882812 0.4345703125
008100 0.8813232183 0.4273671806 0.8934096694 0.4442875981
008121 0.7631835938 0.4638671875 0.8071289062 0.5166015625
081751 0.0327662602 0.3996196389 0.0456157699 0.4188939035
081780 0.5286474824 0.3548178673 0.5625000000 0.3873697817
081888 0.1798422784 0.3978764713 0.1948290467 0.4205986857
082094 0.3138022423 0.3899741173 0.3385416567 0.4153645933
082136 0.8723974824 0.3704428673 0.9524741173 0.4518227577
082216 0.7839648724 0.4592168033 0.7932632565 0.4689050317
008221 0.0386736318 0.4154711962 0.0516368635 0.4340518117
082324 0.4813056588 0.4658046961 0.4878937006 0.4743303657
082500 0.7180615067 0.3906250000 0.7419959903 0.4147973657
082508 0.4653320312 0.4545898438 0.4716796875 0.4619140625
083172 0.6748632789 0.4391298890 0.6874741316 0.4514176250
083194 0.8437500000 0.4628906250 0.8606771231 0.4811197817
083195 0.5296777487 0.4534291923 0.5364016891 0.4619211555
083325 0.1282553673 0.3294272423 0.1438802183 0.3574218750
083501 0.8880224824 0.4348959923 0.9029947519 0.4511718750
083503 0.5093017817 0.4533579051 0.5183541775 0.4611186087
008355 0.7171044946 0.4136030376 0.7333793044 0.4343133271
083572 0.7953857183 0.4638671875 0.8030941486 0.4735043049
083599 0.5588085651 0.4309277236 0.5688863993 0.4417782724
083692 0.9029931426 0.3587241173 0.9453125000 0.4114584923
008371 0.6774902344 0.4658090770 0.6841486096 0.4732998908
083816 0.5864257812 0.4360351562 0.6049804688 0.4541015625
083888 0.2050781250 0.2207031250 0.2583007812 0.2744140625
083899 0.3437241316 0.3533613384 0.3552888632 0.3790604472
083944 0.5293603539 0.4681298733 0.5386594534 0.4774305522
084126 0.7080078125 0.3790605366 0.7356342077 0.4041169882
084423 0.8603076339 0.3863623142 0.8882073164 0.4142640233
084434 0.3697915077 0.5214843750 0.3938802183 0.5436197519
084586 0.7351562381 0.4898437560 0.7429687381 0.4964843690
084673 0.7356787324 0.3580727577 0.7623697519 0.3854166567
085399 0.0227864739 0.3229165077 0.0397135243 0.3489581943
008557 0.7067968845 0.4747446179 0.7174234986 0.4848960936
085636 0.4697265625 0.3803710938 0.4941406250 0.4052734375
085822 0.8378906250 0.4410156310 0.8453124762 0.4511718750
085881 0.4013671875 0.2353515625 0.4179687500 0.2954101562
086245 0.7788085938 0.3530273438 0.8041992188 0.3813476562
086543 0.0911459997 0.4225258827 0.1093750000 0.4453125000
008661 0.6700146198 0.4339560568 0.6826236248 0.4475372434
086682 0.6689453125 0.4858398438 0.6879882812 0.5068359375
087120 0.3610712886 0.4638671875 0.3752056062 0.4837839305
087231 0.5873876810 0.4027109444 0.6052753925 0.4234993756
087338 0.5737304688 0.4658090770 0.5806662440 0.4729768932
087531 0.5975000262 0.3340874016 0.6283408403 0.3642835021
087862 0.6960790753 0.4549892545 0.7057883143 0.4641446173
087919 0.4563803673 0.2871093750 0.5097656250 0.3372397423
087963 0.6778125167 0.4336709082 0.6945158243 0.4503751993
088015 0.6345214844 0.4506279230 0.6437550783 0.4610735476
088418 0.0859375000 0.1627602577 0.1191406250 0.2050781250
088619 0.6192089915 0.4573857486 0.6291482449 0.4677561522
088663 0.5448681712 0.4381596744 0.5529542565 0.4462437928
088672 0.5097656250 0.4173178673 0.5279947519 0.4348958433
088732 0.7211914062 0.3842773438 0.7416992188 0.4072265625
088781 0.7294921875 0.2856445312 0.7602539062 0.3164062500
088868 0.8613281250 0.3906250000 0.8808593750 0.4108072817
088940 0.8154296875 0.4750976562 0.8369140625 0.4980468750
089064 0.6758837700 0.4291733503 0.6945158243 0.4478053153
089304 0.8574218750 0.4570312500 0.8769531250 0.4772136807
089367 0.6432275176 0.4029946327 0.6608072519 0.4212239683
090209 0.7256543040 0.4428374171 0.7353225350 0.4529896379
091534 0.9199218750 0.3691406250 0.9440103769 0.3964843750
091683 0.8034863472 0.4317177832 0.8146077991 0.4447710514
091902 0.0800781250 0.4557290077 0.1087239757 0.4876302183
092152 0.5164062381 0.4519531131 0.5253906250 0.4605468810
092382 0.8024511933 0.4036645591 0.8159436584 0.4214643538
092572 0.6606445312 0.4052734375 0.6777343750 0.4223632812
092707 0.6313476562 0.2753906250 0.6713867188 0.3154296875
092737 0.8499951363 0.5351806879 0.8763363361 0.5679482222
092774 0.8613281250 0.4055991173 0.8769531250 0.4264322817
093103 0.6171875000 0.4277343750 0.6451822519 0.4557291567
093194 0.5204052925 0.4436440468 0.5293996334 0.4556214809
093802 0.8796826005 0.3836494088 0.9126231670 0.4173640013
009401 0.2719726562 0.4350585938 0.2841796875 0.4482421875
094287 0.9117822051 0.3973930776 0.9267674685 0.4186649024
094649 0.4205727577 0.3997397423 0.4427083433 0.4205729067
094691 0.9752587676 0.4179687500 0.9863281250 0.4316406250
094761 0.6861962676 0.3847656250 0.7128906250 0.4134114683
095393 0.6622021198 0.4442060590 0.6725718975 0.4550089836
095446 0.7506493926 0.4368491173 0.7766911387 0.4635416567
095578 0.7114941478 0.4429409206 0.7235087752 0.4529896379
096437 0.8996923566 0.4457377791 0.9137144089 0.4612082541
096501 0.2630063593 0.5312841535 0.2702194750 0.5384956598
096688 0.0341021977 0.4359653294 0.0434027836 0.4468161166
096726 0.5583789349 0.4563735425 0.5690168738 0.4660426676
097536 0.2557431757 0.3485649526 0.2687963843 0.3814395070
097549 0.4199218750 0.3222656250 0.4511718750 0.3510742188
009823 0.6754540801 0.4483662248 0.6832062006 0.4565041959
098318 0.6269531250 0.4928369224 0.6360677481 0.5019531250
098501 0.7298193574 0.4277343750 0.7578125000 0.4589843750
098598 0.6999609470 0.4072709978 0.7163308263 0.4247492254
098640 0.7324218750 0.4036459923 0.7526041269 0.4251302183
098785 0.5640918016 0.3752055764 0.5949321985 0.4028320312
