010479 0.7851172090 0.4674931765 0.8146077991 0.4916653931
010956 0.0221354011 0.4908837974 0.0501302257 0.5312500000
016366 0.2604165077 0.4641928673 0.2936197817 0.5006510019
001747 0.8509131074 0.4361977577 0.8906250000 0.4707031250
018678 0.6582031250 0.3974609375 0.7084960938 0.4428710938
020986 0.6406250000 0.3710937500 0.6616210938 0.3906250000
022682 0.0119645018 0.4908691347 0.0248990729 0.5070364475
002736 0.6665039062 0.4550781250 0.6791992188 0.4672851562
029219 0.1998398453 0.4853710830 0.2244155705 0.5264384151
003028 0.4069008827 0.4518227577 0.4316406250 0.4941404760
034525 0.7248925567 0.4834228456 0.7586578727 0.5186470151
034978 0.7231884599 0.4620449245 0.7465115786 0.4907102883
035175 0.3149414062 0.4726562500 0.3618164062 0.5454101562
036021 0.6080224514 0.4634794891 0.6308903694 0.4851810634
036272 0.9058691263 0.4270639718 0.9294348359 0.4518423378
003913 0.8622607589 0.4302978516 0.8902810216 0.4938300848
039628 0.6848974824 0.3854165077 0.7623696327 0.4531250000
040317 0.6087256074 0.4641928673 0.6236978769 0.4785156250
040363 0.8994433880 0.4898290932 0.9102957249 0.5026183724
040839 0.6523437500 0.4101562500 0.6906250119 0.4457031190
041415 0.0110677248 0.3046875000 0.1054686010 0.3912758827
044295 0.5691748261 0.4720053673 0.5805943608 0.4826943874
046907 0.1411132812 0.3505859375 0.2167968750 0.4472656250
004731 0.6250000000 0.3695312440 0.6964843869 0.4355468750
047413 0.6772460938 0.4877929688 0.7236328125 0.5385742188
048622 0.5405273438 0.4780273438 0.5571289062 0.4926757812
000505 0.0078125000 0.3759765625 0.0249023438 0.3945312500
052893 0.8798828125 0.4990234375 0.8886718750 0.5087890625
053800 0.5839843750 0.4367187619 0.6050781012 0.4546875060
054608 0.7861865163 0.3499155343 0.8617216945 0.4252475500
055865 0.1801757812 0.4853515625 0.2133789062 0.5161132812
061383 0.8798828125 0.4038085938 0.8930664062 0.4165039062
062269 0.9394531250 0.4753906131 0.9636718631 0.5054687262
065423 0.7734375000 0.4458007812 0.7963867188 0.4667968750
065857 0.6204443574 0.3932290077 0.6627603769 0.4283854067
069108 0.8216162324 0.4264321327 0.9785171151 0.5729165077
073812 0.0722656250 0.4594726562 0.1030273438 0.4912109375
076677 0.6098632812 0.4880874157 0.6188138127 0.4980088472
077424 0.0986137688 0.4691328108 0.1512714773 0.5696616173
087800 0.5683593750 0.4692382812 0.5913085938 0.4912109375
088586 0.6396484375 0.4921875000 0.6494140625 0.5009765625
090960 0.2622070312 0.4082031250 0.2778320312 0.4228515625
091556 0.7443847656 0.4847241342 0.7650817633 0.5144738555
096950 0.0258501954 0.4595586061 0.0660615712 0.5074295402
