010063 0.7236328125 0.3378906250 0.7534179688 0.3676757812
010227 0.8635888696 0.1991420835 0.9200751781 0.2671186626
010270 0.0479958504 0.4241943359 0.0588156730 0.4375110865
010375 0.5540381074 0.2200522423 0.6230468750 0.2825522423
010570 0.0922309607 0.4627045989 0.1007564440 0.4766555130
010570 0.0922309607 0.4816933572 0.1011439934 0.4952566922
010570 0.7316455245 0.4568915963 0.7397848368 0.4669673741
010570 0.7401708961 0.4580541849 0.7483096123 0.4665798843
011307 0.2252602577 0.4134116173 0.2369791567 0.4244791567
011535 0.7987158298 0.6079248190 0.8171457052 0.6273288727
011893 0.9300781488 0.4769531190 0.9410156012 0.4914062619
012253 0.5847753882 0.4867309630 0.5952380896 0.4983568788
012253 0.5859375000 0.5026220679 0.5956256390 0.5134703517
012847 0.6855370998 0.4771840870 0.6977428198 0.4902231991
012883 0.3482216895 0.6501855254 0.3649260700 0.6694592834
012957 0.1458334923 0.4576821327 0.1536458433 0.4687500000
013457 0.3422851562 0.4414062500 0.3598632812 0.4721679688
013527 0.2608042061 0.4847934544 0.2724299431 0.5049448013
013527 0.2604165077 0.5250976682 0.2735925317 0.5452474356
013527 0.2604165077 0.5475732684 0.2720424235 0.5650112033
014558 0.4174804688 0.4331054688 0.4291992188 0.4458007812
014724 0.7014209032 0.4654174745 0.7122706175 0.4774305522
014724 0.7002587914 0.4816933572 0.7126574516 0.4933190942
015366 0.7156054974 0.5733252168 0.7308061719 0.5888462067
001556 0.8938818574 0.5338525176 0.9088541269 0.5514322519
015705 0.8165429831 0.4384863377 0.8276609182 0.4520227611
016360 0.5942382812 0.4580078125 0.6113281250 0.4755859375
016379 0.0744047835 0.5355615020 0.0930059552 0.5599733591
016395 0.0449732915 0.4945654273 0.0546104014 0.5101241469
016395 0.0456157699 0.5274707079 0.0552528799 0.5448191166
016395 0.0436883308 0.5448193550 0.0565378405 0.5589535236
016484 0.2805991173 0.4459633827 0.2955730557 0.4778647423
016921 0.0317382812 0.2080078125 0.0722656250 0.2617187500
001792 0.6601562500 0.5566406250 0.6699218750 0.5670572519
001792 0.6757812500 0.5559912324 0.6848958731 0.5664062500
001792 0.6894531250 0.5546875000 0.6985677481 0.5644547343
018160 0.8854150176 0.4518227577 0.9010416269 0.4694010317
018160 0.8860693574 0.4759116173 0.9003906250 0.4921875000
018203 0.5097656250 0.4252929688 0.5302734375 0.4570312500
018203 0.5415039062 0.4321289062 0.5595703125 0.4594726562
018203 0.5683593750 0.4360351562 0.5869140625 0.4628906250
018203 0.4726562500 0.4584960938 0.4941406250 0.4907226562
018203 0.5078125000 0.4633789062 0.5273437500 0.4912109375
018203 0.5380859375 0.4643554688 0.5581054688 0.4936523438
018203 0.5668945312 0.4682617188 0.5834960938 0.4965820312
018203 0.5356445312 0.5000000000 0.5546875000 0.5283203125
018536 0.1160273403 0.4602411985 0.1372988820 0.4921488166
018605 0.9219238162 0.4809184670 0.9288969636 0.4898313582
018605 0.9199853539 0.4948681593 0.9316096306 0.5049448013
018667 0.7102881074 0.4661459923 0.7369791269 0.4954427183
018935 0.3188476562 0.4672851562 0.3271484375 0.4755859375
020224 0.6816406250 0.3183593750 0.7128906250 0.3500976562
020224 0.7143554688 0.3212890625 0.7460937500 0.3530273438
020774 0.7924804688 0.3950195312 0.8090820312 0.4135742188
020968 0.9477539062 0.0952148438 0.9980468750 0.1606445312
021298 0.7968750000 0.4370117188 0.8173828125 0.4575195312
021298 0.5410156250 0.4575195312 0.5527343750 0.4692382812
022183 0.6494677663 0.4658090770 0.6597345471 0.4782936871
022183 0.6491943598 0.4827324152 0.6611217260 0.4960493743
022433 0.6456152201 0.4789804816 0.6599547267 0.4921565056
002298 0.7781249881 0.4621093869 0.7921875119 0.4785156250
023140 0.7371093631 0.4046874940 0.7628906369 0.4317801297
023140 0.7404394746 0.4696513712 0.7499244809 0.4863315821
023539 0.3444008827 0.4791665077 0.3658854067 0.5013021231
023791 0.1230468750 0.2024741173 0.1542968750 0.2500000000
023791 0.1549477577 0.2187500000 0.1829427183 0.2630208433
023842 0.1127929688 0.5429687500 0.1279296875 0.5605468750
023842 0.1313476562 0.5429687500 0.1469726562 0.5605468750
023842 0.1098632812 0.5625000000 0.1245117188 0.5805664062
023842 0.1284179688 0.5629882812 0.1445312500 0.5820312500
023926 0.6829443574 0.3450522423 0.7135416269 0.3932291567
024425 0.8175097704 0.4288173914 0.8271774650 0.4418703616
024611 0.3232421875 0.2910156250 0.3574218750 0.3540039062
025647 0.7825439572 0.4759931564 0.7909509540 0.4873109758
025647 0.7938622832 0.4769633710 0.8038780093 0.4873108864
025647 0.8071191311 0.4766401350 0.8152033091 0.4869877994
025647 0.8181152344 0.4759931564 0.8278145790 0.4876343310
025792 0.2987509668 0.5615234375 0.3205952644 0.5827251673
002591 0.7651367188 0.4516601562 0.7753906250 0.4628906250
026042 0.8364599347 0.3534492254 0.8536621332 0.3700952530
026042 0.8393750191 0.7502490282 0.8579781055 0.7661358118
026446 0.3007812500 0.4711914062 0.3071289062 0.4916992188
026628 0.8802099824 0.4778647423 0.8951822519 0.4921875000
027674 0.2311196327 0.4570312500 0.2467447817 0.4837239683
027674 0.2317709923 0.4928369224 0.2467447817 0.5208333731
002777 0.2422133833 0.4420229495 0.2563479543 0.4741467834
027930 0.1399741173 0.3886718750 0.1751302183 0.4335938990
028410 0.6982421875 0.4047851562 0.7309570312 0.4394531250
028410 0.3339843750 0.4570312500 0.3496093750 0.4731445312
028425 0.6341162324 0.4186196327 0.6803385019 0.4674477577
028530 0.5644531250 0.4609375000 0.5826822519 0.4804687500
029033 0.0566406250 0.4485678673 0.0774739757 0.4726562500
029033 0.6920556426 0.4199218750 0.7102864981 0.4388020933
029363 0.7955712676 0.4716796875 0.8066406250 0.4837237895
029593 0.6843701005 0.4820810556 0.6963821054 0.4933190942
029593 0.7169189453 0.4805307686 0.7273840308 0.4940941334
029614 0.6528320312 0.4721679688 0.6796875000 0.5014648438
029614 0.9389648438 0.3583984375 0.9648437500 0.3886718750
029836 0.5052099824 0.4895849526 0.5182291269 0.5019531250
029886 0.2623310685 0.5514697433 0.2881814539 0.5782785416
030328 0.3671875000 0.3769531250 0.3979492188 0.4082031250
030536 0.0617626943 0.6687207222 0.0743739754 0.6813302040
030690 0.8941406012 0.5277343988 0.9070312381 0.5484374762
031158 0.5260400176 0.5091162324 0.5423177481 0.5253906250
031372 0.3144531250 0.4453125000 0.3287760317 0.4609373510
031372 0.8164062500 0.4720053673 0.8398437500 0.4941406250
031483 0.0070672361 0.4111840725 0.0417608880 0.4574424326
031483 0.0102795903 0.4786440432 0.0443308093 0.5268297791
031784 0.4968798757 0.4228071272 0.5079789758 0.4325173199
031990 0.0951733366 0.4650820196 0.1053832024 0.4762499928
032277 0.4147973657 0.4621752799 0.4254331589 0.4713605940
032717 0.8138037324 0.3795571327 0.8313802481 0.4023437500
003448 0.7981787324 0.4589843750 0.8072916269 0.4684244692
034605 0.7652978301 0.4496054649 0.7739983201 0.4626585841
034726 0.5299462676 0.4680991173 0.5397135019 0.4778645933
034782 0.0623203143 0.4747890532 0.0758121088 0.4959909618
034782 0.0790244117 0.4754316509 0.0905890167 0.4953484833
034782 0.0938012674 0.4754331112 0.1060079560 0.4940626025
035089 0.7645849586 0.4553417861 0.7746620774 0.4665798843
036325 0.5694482327 0.4818139672 0.5820593238 0.4952170551
037040 0.5833691359 0.4111840725 0.6013568640 0.4291735291
037104 0.6767578125 0.3896484375 0.6953125000 0.4116210938
037446 0.9437939525 0.3886977434 0.9887695312 0.4413803816
037446 0.9476513863 0.4574423730 0.9913394451 0.5101255178
038135 0.9843212962 0.6764795184 0.9982279539 0.6916789412
038177 0.5971679688 0.4868164062 0.6210937500 0.5097656250
039248 0.7764160037 0.4384863377 0.7914023995 0.4558903277
039248 0.9809131026 0.4945654273 0.9959003925 0.5148708224
039382 0.2260742188 0.4057617188 0.2397460938 0.4218750000
039565 0.6503906250 0.4980468750 0.6630859375 0.5107421875
039785 0.1451821327 0.3997397423 0.1940101087 0.4511718750
039792 0.1810527295 0.6040869355 0.1896951199 0.6133775711
041129 0.8661181927 0.4506914020 0.8820102811 0.4677424431
004134 0.0442708507 0.4739584923 0.0729166493 0.5136718750
041568 0.8081054688 0.4140625000 0.8232421875 0.4355468750
041747 0.1087241247 0.4381508827 0.1223958507 0.4550781250
041889 0.2597656250 0.3971352577 0.2753906250 0.4212239683
041940 0.9165039062 0.4990234375 0.9404296875 0.5302734375
042060 0.0193762202 0.4731679559 0.0282893069 0.4871186614
042060 0.0201512687 0.4921582043 0.0290643554 0.5061073899
042381 0.6029883027 0.6847558618 0.6138393283 0.6963838339
042877 0.3489584923 0.4778647423 0.3567708433 0.4869791567
042877 0.9531250000 0.4296875000 0.9700521231 0.4511717260
042905 0.8789062500 0.5249023438 0.8925781250 0.5419921875
042905 0.8925781250 0.5239257812 0.9072265625 0.5400390625
042905 0.9091796875 0.5244140625 0.9228515625 0.5405273438
042905 0.9262695312 0.5244140625 0.9404296875 0.5415039062
042905 0.9438476562 0.5249023438 0.9584960938 0.5415039062
043248 0.6556933522 0.4522412121 0.6622799039 0.4615420401
043248 0.6642187238 0.4522412121 0.6715804935 0.4611544907
004348 0.3828125000 0.4697265625 0.3950195312 0.4824218750
043600 0.1189702153 0.4735551775 0.1305958480 0.4859561026
043600 0.1205200180 0.4894433618 0.1294325143 0.5014528036
044244 0.8598632812 0.4326171875 0.9038085938 0.4873046875
044768 0.2682290077 0.4420571327 0.2890625000 0.4687500000
045417 0.3092446327 0.3782553673 0.3268229067 0.3964843750
045433 0.6946631074 0.3912758827 0.7187500000 0.4166668057
045703 0.6009228230 0.4520229399 0.6091381907 0.4602414668
045939 0.6796875000 0.4721679688 0.7031250000 0.5000000000
046127 0.2036132812 0.0825195312 0.2944335938 0.1640625000
046729 0.7200195193 0.4402280152 0.7502480149 0.4677424431
046729 0.7231200933 0.4782055616 0.7506355643 0.5064949393
047144 0.6865234375 0.5288085938 0.6997070312 0.5419921875
047144 0.6186523438 0.5126953125 0.6245117188 0.5185546875
047948 0.1493945271 0.4391298890 0.1584488750 0.4552980065
047948 0.1493945271 0.4795503020 0.1558619589 0.4911915660
004809 0.4541015625 0.3808593750 0.4838867188 0.4121093750
048307 0.1555991173 0.4446616173 0.1796876490 0.4947915077
004849 0.4472656250 0.4165039062 0.4643554688 0.4355468750
048690 0.9029931426 0.4622397423 0.9394531250 0.5084635019
048965 0.9556347728 0.4320903420 0.9657118320 0.4468161166
048965 0.9552490115 0.4479785264 0.9672619104 0.4603794515
048965 0.9556347728 0.4650297761 0.9668743610 0.4789806604
004900 0.6679687500 0.4765625000 0.6959635019 0.5058593750
004902 0.6090918183 0.4303901494 0.6204574108 0.4403512776
004918 0.8530273438 0.4404296875 0.8627929688 0.4501953125
049257 0.8055029511 0.4384829104 0.8207005262 0.4540042579
049474 0.5312500000 0.5136718750 0.5540364981 0.5351562500
050648 0.8395165801 0.4541015625 0.8499349356 0.4654949605
050756 0.6438818574 0.4459633827 0.6575521231 0.4589843750
050756 0.6471337676 0.4752602577 0.6582031250 0.4869791567
005202 0.3398437500 0.4804687500 0.3502604067 0.4915364683
052214 0.8655029535 0.2460556626 0.9066712260 0.3015854359
052252 0.3893227577 0.4967431724 0.4055988193 0.5136718750
052335 0.1295571327 0.5423193574 0.1959633827 0.6087241173
052497 0.5675683618 0.4239829183 0.5849705935 0.4418703616
052662 0.0276264157 0.3295898438 0.0584652349 0.3719932139
005282 0.8503808379 0.4873144627 0.8600518107 0.4998839796
053468 0.6652246118 0.4534731507 0.6729578972 0.4641090930
054093 0.7395849824 0.5240868926 0.7539078593 0.5390625000
000542 0.0714204088 0.6362255812 0.0816231444 0.6473988891
005470 0.4244790077 0.4212241173 0.4355468750 0.4329427183
055095 0.6914062500 0.5950537324 0.7128906250 0.6223958731
055359 0.4934912026 0.3079428673 0.5286458731 0.3385416567
056537 0.2514648438 0.4243164062 0.2714843750 0.4482421875
056587 0.9653320312 0.4072265625 0.9755859375 0.4199218750
056997 0.5808984637 0.4526289105 0.5882626176 0.4607670009
056997 0.5894238353 0.4518539906 0.5975635052 0.4607670009
057142 0.9375000000 0.4625000060 0.9628906250 0.4886718690
057496 0.5234375000 0.4580078125 0.5356445312 0.4707031250
057689 0.7289355397 0.4541791975 0.7374597192 0.4654172957
005773 0.8046875000 0.4515624940 0.8246093988 0.4707031250
058194 0.5844726562 0.4550781250 0.5937500000 0.4643554688
058323 0.5991943479 0.4847241342 0.6085730195 0.4950719178
058323 0.5988720655 0.4989501834 0.6092197895 0.5089766383
058531 0.1909179688 0.4394531250 0.2080078125 0.4653320312
058660 0.2180991173 0.4420571327 0.2291666567 0.4531250000
005970 0.6191406250 0.4218750000 0.6531249881 0.4558593631
059977 0.2127509713 0.4770429730 0.2228267640 0.4894438386
059977 0.2123637646 0.4933203161 0.2239895463 0.5045572519
059980 0.3408203125 0.4833984375 0.3569335938 0.4990234375
059980 0.9130859375 0.5131835938 0.9257812500 0.5268554688
005998 0.7005224824 0.4661459923 0.7135416269 0.4804687500
006008 0.1332031190 0.2472656220 0.1800781190 0.2906250060
060099 0.6127929688 0.4497070312 0.6362304688 0.4726562500
060484 0.7324218750 0.4907226562 0.7470703125 0.5078125000
060583 0.6002587676 0.5651025176 0.6236930490 0.5891927481
060750 0.8687548637 0.4351020455 0.8793897033 0.4481551647
060784 0.7050781250 0.0444335938 0.7758789062 0.0947265625
060784 0.5341796875 0.0820312500 0.6123046875 0.1367187500
060784 0.7060546875 0.0981445312 0.7758789062 0.1538085938
061135 0.6634131074 0.4654946327 0.6842447519 0.4856770933
061238 0.5532226562 0.4633789062 0.5620117188 0.4741210938
061901 0.0739672855 0.4616918862 0.0855700672 0.4766785204
061901 0.0739672855 0.4839301705 0.0855700672 0.4989171028
061923 0.6289062500 0.4069008827 0.6549478769 0.4329427183
062036 0.5747070312 0.3481445312 0.5947265625 0.3671875000
062036 0.5966796875 0.3491210938 0.6157226562 0.3671875000
062036 0.6176757812 0.3481445312 0.6376953125 0.3686523438
062713 0.0927734375 0.5278320312 0.1030273438 0.5429687500
063047 0.6184912324 0.4283852577 0.6315103769 0.4427083433
063235 0.1518286169 0.6721728444 0.1651896983 0.6855347157
063472 0.9248046875 0.4536132812 0.9697265625 0.5166015625
063993 0.6362304688 0.4887695312 0.6591796875 0.5131835938
064195 0.3066406250 0.5299462676 0.3183593750 0.5403646231
064371 0.5729150176 0.3756508827 0.5872396231 0.3906250000
064371 0.6074218750 0.5117187500 0.6269531250 0.5299478769
064554 0.2085703164 0.7721972466 0.2247387171 0.7941860557
064883 0.9244775176 0.3938803673 0.9570312500 0.4361979067
065423 0.7729492188 0.4682617188 0.7963867188 0.4916992188
065488 0.8704443574 0.4680991173 0.8932291269 0.4973958433
066096 0.6380224824 0.3235678673 0.6647135019 0.3476562500
006688 0.6589648724 0.4411816299 0.6730083227 0.4554412961
066922 0.1880249083 0.6286914349 0.2009001523 0.6410816908
067226 0.8389892578 0.4681298733 0.8451915979 0.4762679636
067682 0.4858398438 0.3291015625 0.5234375000 0.3657226562
068066 0.7298193574 0.2500000000 0.7877631783 0.3092446327
068109 0.0026041651 0.4596352577 0.0208333153 0.4785156250
068109 0.0032552099 0.4856772423 0.0208333358 0.5045572519
068474 0.7865673900 0.4302675724 0.8170250654 0.4616917074
068474 0.7856006026 0.4742612243 0.8160581589 0.5042350292
068678 0.2734375000 0.2333984375 0.3310546875 0.2905273438
006892 0.3053383827 0.5553368926 0.3287760317 0.6119790077
069666 0.3002929688 0.3662109375 0.3188476562 0.3867187500
069747 0.3854165077 0.5065087676 0.3958333433 0.5162760019
069951 0.7128906250 0.4687500000 0.7376302481 0.4954428673
006998 0.4752602577 0.4869790077 0.4921875000 0.5032552481
072078 0.6072509885 0.4805307686 0.6184896231 0.4921565056
072078 0.6072509885 0.4968066514 0.6181020737 0.5072699785
072147 0.7780371308 0.5788720846 0.7966683507 0.6071392298
072200 0.0717773438 0.4550781250 0.0825195312 0.4716796875
072478 0.7545556426 0.4420571327 0.7688754201 0.4570306540
072478 0.7558593750 0.4850258827 0.7688802481 0.4986979067
072737 0.2389321327 0.2402343750 0.2994790077 0.2988281250
072737 0.7753906250 0.1093750000 0.8385415077 0.1621093750
072737 0.8437500000 0.1263022423 0.8990883827 0.1790366173
072895 0.3242187500 0.3901367188 0.3515625000 0.4174804688
073019 0.1335498095 0.4772866070 0.1409870088 0.4889279902
073019 0.1332265586 0.4957177639 0.1416338831 0.5099467039
007341 0.7280273438 0.3598632812 0.7451171875 0.3784179688
073464 0.6538427472 0.4617651403 0.6616018414 0.4704961777
073792 0.6835937500 0.4333496094 0.6982967854 0.4486084878
074315 0.7940380573 0.4774306715 0.8033389449 0.4898313582
074315 0.8076025248 0.4770429730 0.8169022799 0.4886687994
074315 0.8196142316 0.4770429730 0.8304656744 0.4886687994
074315 0.8327929974 0.4766552746 0.8424789310 0.4882812500
074412 0.1736723632 0.6222851276 0.1842151880 0.6336581111
074646 0.8994140625 0.4873046875 0.9155273438 0.5043945312
074668 0.7299804688 0.3881835938 0.7519531250 0.4150390625
075067 0.4804687500 0.0800781250 0.5644531250 0.1367187500
007550 0.4108071327 0.3717446327 0.4257812500 0.3860677183
075883 0.7951562405 0.4840776324 0.8058257103 0.4957186580
075883 0.8093847632 0.4847241342 0.8190836906 0.4953952730
075883 0.8226416111 0.4840776324 0.8323416710 0.4950719178
075883 0.8352538943 0.4840776324 0.8449529409 0.4957186580
007622 0.8508837819 0.5307275653 0.8586536646 0.5409925580
007622 0.9807226658 0.5229638815 0.9884925485 0.5315629244
076734 0.4049575329 0.7108007669 0.4229339361 0.7290208936
076837 0.5902001858 0.4348027408 0.6022135019 0.4475911558
077257 0.9401025176 0.4140625000 0.9648357034 0.4459636807
077343 0.1040039062 0.4873046875 0.1142578125 0.5024414062
007736 0.2825522423 0.2473959923 0.3430991173 0.3079428673
007736 0.8619775176 0.0878906250 0.9134116173 0.1386718750
007736 0.9179687500 0.1093750000 0.9622396231 0.1601562500
007736 0.8977881074 0.1536459923 0.9466146231 0.2096352577
077731 0.6860351562 0.4428710938 0.7285156250 0.4873046875
077983 0.1064453125 0.4409179688 0.1269531250 0.4677734375
007807 0.9164990187 0.4202246070 0.9279504418 0.4338357449
078226 0.4544272423 0.4342446327 0.4667968750 0.4466145933
078226 0.4570312500 0.4622397423 0.4680989683 0.4739583433
078472 0.8479834199 0.4694008827 0.8606771231 0.4837239683
078678 0.6646044850 0.4603793919 0.6855313778 0.4793681502
078678 0.6638281345 0.4871186614 0.6839812994 0.5099826455
079595 0.8930419683 0.4889257848 0.9026778340 0.4979501963
079595 0.8917577863 0.5126953125 0.9046052694 0.5236173868
079595 0.8917577863 0.5249023438 0.9033203125 0.5351819396
080045 0.7154931426 0.3424477577 0.7382812500 0.3919272423
080239 0.1783852577 0.4205727577 0.2207029760 0.4648437500
081392 0.9228515625 0.4780273438 0.9399414062 0.5014648438
081412 0.2094726562 0.5249023438 0.2475585938 0.5644531250
081589 0.3848427832 0.4529453218 0.4073293507 0.4760742188
081589 0.3867700100 0.4876386821 0.4079718292 0.5114103556
082079 0.8626318574 0.4902343750 0.8717447519 0.5026041269
082136 0.0136718750 0.4687500000 0.0449218750 0.5078127980
082411 0.9287109375 0.3461914062 0.9438476562 0.3676757812
082411 0.8847656250 0.3642578125 0.9023437500 0.3867187500
082411 0.9277343750 0.3706054688 0.9433593750 0.3940429688
082508 0.8916015625 0.4707031250 0.9140625000 0.4985351562
082508 0.8891601562 0.4995117188 0.9135742188 0.5263671875
008266 0.5308251977 0.4539565444 0.5390522480 0.4631407261
082925 0.6925879121 0.4670795798 0.7118626237 0.4869962931
082925 0.6906591654 0.4934228659 0.7105777264 0.5133377910
083194 0.6634131074 0.4824218750 0.6822916269 0.5019531250
083888 0.1147460938 0.2441406250 0.1547851562 0.2924804688
083895 0.6246923804 0.4704550803 0.6382533908 0.4844059944
083895 0.6239160299 0.4890576303 0.6378658414 0.5057199001
083918 0.8948095441 0.5440869331 0.9070870876 0.5602699518
008458 0.7946532965 0.1924404353 0.8559282422 0.2623315454
085076 0.6551367044 0.4808593690 0.6662294865 0.4921875000
086217 0.9016943574 0.3730468750 0.9114583731 0.3847656250
086247 0.6342822313 0.4708769619 0.6454014778 0.4834467769
086247 0.6352490187 0.4892480373 0.6473352313 0.5023012161
086590 0.7145996094 0.7812500000 0.7409492135 0.8029513955
088267 0.6103515625 0.4762680531 0.6223648190 0.4886687994
088267 0.6111279130 0.4940918088 0.6231399179 0.5064949393
088333 0.9824218750 0.4272460938 1.0000000000 0.4516601562
088724 0.7285156250 0.4628906250 0.7467447519 0.4843750000
088783 0.1438803673 0.4583334923 0.1484375000 0.4667968750
089304 0.8567724824 0.4186196327 0.8763021231 0.4375001490
089304 0.8574218750 0.4765625000 0.8769531250 0.4980468750
008970 0.1885444373 0.4578242302 0.2064317912 0.4873143435
089759 0.7259960771 0.4111840725 0.7465563416 0.4330283701
089860 0.5630713105 0.4313149452 0.5770244002 0.4460410774
090192 0.6835937500 0.2900390625 0.7211914062 0.3261718750
090424 0.4648437500 0.1748046875 0.5380859375 0.2392578125
090633 0.8743506074 0.4759116173 0.8919271231 0.4947916567
090853 0.9252343774 0.3695400357 0.9368887544 0.3886829615
091027 0.4297651350 0.2949062586 0.4638671875 0.3231956959
091027 0.4762680531 0.2937436402 0.5080451369 0.3224206567
091569 0.7882275581 0.4619296789 0.8010137677 0.4751053154
091792 0.8779394627 0.4486386776 0.8871248364 0.4602413476
091792 0.8779394627 0.4747446179 0.8880917430 0.4882812500
092054 0.6734423637 0.4268833101 0.6893951297 0.4447710514
009223 0.5234375000 0.3515625000 0.5611978769 0.3867187500
092382 0.8197997808 0.4047739208 0.8342396021 0.4222515523
092707 0.8710937500 0.4863281250 0.9130859375 0.5317382812
093103 0.5677099824 0.3125000000 0.5891927481 0.3326822817
093103 0.6165381074 0.5136718750 0.6464875937 0.5442773104
093168 0.1536459923 0.4375000000 0.1770833433 0.4674479067
093241 0.8515625000 0.3808593750 0.8945312500 0.4225260317
093241 0.8535156250 0.4381508827 0.8964843750 0.4804687500
093332 0.7060791254 0.4548725486 0.7298519611 0.4780016541
093332 0.7054394484 0.4863539934 0.7292095423 0.5075555444
093356 0.9248242378 0.6952343583 0.9413179159 0.7120498419
093521 0.0244140625 0.4657944441 0.0372253917 0.4818564951
093521 0.0231291018 0.4844262600 0.0379060544 0.4985608459
009360 0.6855273247 0.4935986400 0.6961633563 0.5139039159
093743 0.4167309701 0.5356591940 0.4307509661 0.5501624346
009389 0.5959619284 0.4785800874 0.6066298485 0.4921616316
009389 0.5972558856 0.4953955114 0.6063095331 0.5070364475
093976 0.9257812500 0.4192709923 0.9505208731 0.4544270933
094058 0.7654541135 0.4124887586 0.7865919471 0.4358099103
094082 0.6145849824 0.4121093750 0.6601562500 0.4570312500
094481 0.0000000000 0.4520229399 0.0145034175 0.4732943773
094874 0.5626318455 0.4769067466 0.5726207495 0.4860617816
094874 0.5637451410 0.4899462759 0.5726207495 0.4991011322
095135 0.6357421875 0.4853515625 0.6469726562 0.4970703125
095151 0.9472656250 0.4749999940 0.9562500119 0.4882812500
095446 0.7526025176 0.4908837974 0.7779963613 0.5188802481
096069 0.1131264642 0.4902148545 0.1247292459 0.5056853294
096726 0.5699853301 0.4549233317 0.5791692138 0.4674930274
097043 0.3925781250 0.5306006074 0.4036458433 0.5410156250
097043 0.6842431426 0.5253906250 0.6959635019 0.5371093750
009748 0.7449511886 0.5947949290 0.7542433143 0.6040872335
098129 0.5712109208 0.4789804816 0.5828372836 0.4906063974
098129 0.5712109208 0.4937060475 0.5816746950 0.5045572519
098318 0.7786474824 0.4811196327 0.7988281250 0.5013021231
098708 0.9413183331 0.7650830150 0.9649219513 0.7864227295
098785 0.6277002096 0.3745629787 0.6553248763 0.4041169882
