012308 0.1263022423 0.4557290077 0.1393229067 0.4739583433
012643 0.0322265625 0.3554687500 0.1098632812 0.4404296875
013529 0.1137695312 0.3950195312 0.1528320312 0.4384765625
013952 0.5249023438 0.4648437500 0.5634765625 0.5053710938
014663 0.7319335938 0.4711914062 0.7397460938 0.4809570312
001522 0.8496093750 0.4524741173 0.8834635019 0.4863281250
001557 0.2141669989 0.3567836881 0.2465578616 0.4157641530
016219 0.6020507812 0.4633789062 0.6098632812 0.4716796875
016489 0.2547763586 0.4723276496 0.2668626606 0.4853805602
018197 0.9436865449 0.3543662131 0.9925165772 0.4104462862
000198 0.6835937500 0.4351562560 0.6925781369 0.4433593750
021774 0.5820312500 0.4453125000 0.5913085938 0.4550781250
023140 0.6566406488 0.3522812426 0.6839843988 0.3815626502
023840 0.0096689453 0.4462212026 0.0212716796 0.4660426676
024284 0.6030273438 0.4658203125 0.6298828125 0.4946289062
024804 0.1488281190 0.4410156310 0.1554687470 0.4519531131
025588 0.2705078125 0.4965820312 0.2871093750 0.5166015625
026715 0.7539062500 0.4531250000 0.7877603769 0.4876302183
027090 0.0507812500 0.4472656250 0.0693359375 0.4677734375
027424 0.7897118926 0.4596352577 0.8092447519 0.4804687500
028390 0.7954101562 0.4584960938 0.8168945312 0.4853515625
028638 0.1495288014 0.4804687500 0.1632118225 0.4982173741
002903 0.3071176708 0.3828564584 0.3268156350 0.4014448822
029297 0.4906249940 0.4589843750 0.4980468750 0.4667968750
031077 0.7216796875 0.4653320312 0.7475585938 0.4916992188
031082 0.5506445169 0.4684599638 0.5627320409 0.4795792103
031784 0.4314072132 0.4602607489 0.4411174953 0.4691383839
003178 0.0493164062 0.4316406250 0.0625000000 0.4526367188
003265 0.7226562500 0.4760742188 0.7680664062 0.5292968750
033714 0.0947265625 0.4892578125 0.1054687500 0.4990234375
033967 0.1137695312 0.4667968750 0.1298828125 0.4829101562
035655 0.3697915077 0.4055991173 0.3821614683 0.4179687500
035693 0.6484375000 0.4707031250 0.6647135019 0.4863281250
035881 0.1940102577 0.3886718750 0.2141927183 0.4114583433
037304 0.0219726562 0.4614257812 0.0278320312 0.4682617188
042282 0.6434667706 0.4786123037 0.6574805379 0.4950495064
042515 0.7871093750 0.4956054688 0.7939453125 0.5034179688
043778 0.4446616173 0.0019531250 0.5800781250 0.0852866247
045839 0.3385415077 0.4772133827 0.3600260317 0.4986979067
047948 0.0019274268 0.4278886616 0.0147769386 0.4567999542
004867 0.0595703125 0.4628906250 0.0659179688 0.4707031250
004902 0.5772607327 0.4114809632 0.5872512460 0.4221271574
049054 0.8929247856 0.4800625145 0.9050123692 0.4945660532
049166 0.2070312500 0.4726562500 0.2220052183 0.4993489683
004969 0.6925879121 0.4690068364 0.7054378986 0.4850688875
051584 0.8637939692 0.4402285218 0.8804563284 0.4580543041
056360 0.3603515625 0.4541015625 0.3808593750 0.4741210938
057571 0.9414062500 0.4345703125 0.9799804688 0.4794921875
060928 0.5618506074 0.5019531250 0.5709635019 0.5117187500
061033 0.2369790077 0.4238281250 0.2792968750 0.4798178673
006140 0.3496093750 0.4674477577 0.3704427183 0.4934895933
061448 0.9755859375 0.4838867188 0.9848632812 0.4960937500
062199 0.1064453125 0.4697265625 0.1713867188 0.5903320312
062818 0.7044287324 0.4062500000 0.7330728769 0.4342447817
065052 0.5620117188 0.4672851562 0.5708007812 0.4755859375
068066 0.7949218750 0.4531250000 0.8033853769 0.4694010317
068191 0.3154296875 0.3789062500 0.3310546875 0.3940429688
069513 0.3701171875 0.4116210938 0.3808593750 0.4243164062
069963 0.1666357368 0.1643105447 0.1922122985 0.2143012732
072034 0.4643554688 0.4575195312 0.4882812500 0.4853515625
072478 0.5989599824 0.4915380776 0.6191406250 0.5104166269
072633 0.3859375119 0.4242187440 0.4003906250 0.4421874881
072765 0.4472656250 0.3854165077 0.5182290077 0.4596352577
073163 0.2486977577 0.4394531250 0.2766927183 0.4700520933
000751 0.7905273438 0.4477539062 0.8193359375 0.4780273438
076837 0.6425146461 0.4685175717 0.6541411877 0.4809182584
078431 0.6059570312 0.4589843750 0.6147460938 0.4672851562
079125 0.6435546875 0.5224609375 0.6567382812 0.5366210938
079125 0.0195312500 0.5395507812 0.0366210938 0.5703125000
079710 0.6230468750 0.4558593631 0.6347656250 0.4679687619
081000 0.8579101562 0.4609375000 0.8652343750 0.4707031250
081104 0.6712256074 0.4335937500 0.7044271231 0.4680989683
000813 0.3820995986 0.4177514613 0.3948878050 0.4305399060
085076 0.6019531488 0.4111450315 0.6186496615 0.4302144051
085822 0.8310546875 0.4707031250 0.8375650644 0.4775390625
086042 0.6328320503 0.4607246220 0.6463301778 0.4742612839
087953 0.8769531250 0.4420571327 0.9114583731 0.4856770933
089304 0.6308593750 0.4850258827 0.6608072519 0.5136718750
089739 0.2563476562 0.4652543962 0.2646706402 0.4777390659
091027 0.2887060642 0.4041879773 0.3177703619 0.4324775040
092572 0.6459960938 0.4589843750 0.6586914062 0.4716796875
092707 0.3930664062 0.5590820312 0.4135742188 0.5903320312
009401 0.2607421875 0.4760742188 0.2695312500 0.4853515625
095189 0.3862304688 0.4575195312 0.4023437500 0.4877929688
095482 0.6284179688 0.4536132812 0.6557617188 0.4814453125
096667 0.7174462676 0.4277343750 0.7285156250 0.4394531250
097889 0.1966147423 0.5410156250 0.2115885317 0.5585937500
