013012 0.3548178673 0.4537758827 0.3860678673 0.4837239683
015497 0.9145507812 0.4858398438 0.9399414062 0.5058593750
018130 0.7682275176 0.4466147423 0.7779947519 0.4544270933
018839 0.5358056426 0.4602866173 0.5800781250 0.5000000000
019452 0.5556640625 0.4541015625 0.5747070312 0.4721679688
021094 0.8398437500 0.4772133827 0.8763021231 0.5091146231
022006 0.0501303710 0.4108071327 0.1035156250 0.4628906250
002257 0.6782959104 0.5227295160 0.6945729852 0.5373046994
023088 0.6538085938 0.4365234375 0.6616210938 0.4443359375
027263 0.6619531512 0.5465429425 0.6766561270 0.5604137182
029439 0.1187192351 0.5131738186 0.1378676295 0.5552864075
033292 0.7338867188 0.4028320312 0.7470703125 0.4140625000
034441 0.5527343750 0.4427084923 0.5846369863 0.4726562500
036342 0.7133789062 0.3759765625 0.7309570312 0.3916015625
038022 0.8243359327 0.5016845465 0.8664598465 0.5466834903
038052 0.0720795915 0.5599755645 0.1069568396 0.5956256390
005332 0.7172851562 0.4799804688 0.7338867188 0.4960937500
055437 0.6020507812 0.3505859375 0.6254882812 0.3710937500
058878 0.8652343750 0.4902343750 0.8789062500 0.5052083731
059623 0.0852099583 0.4901953042 0.1206341833 0.5294373035
061275 0.3291015625 0.3759765625 0.3491210938 0.3950195312
064423 0.7721337676 0.4973974526 0.7812500000 0.5084635019
066056 0.0286458489 0.2714843750 0.0462239757 0.2877604067
067753 0.9492187500 0.3364257812 0.9697265625 0.3574218750
067828 0.8580712676 0.4583334923 0.8880208731 0.4960937500
075227 0.3580727577 0.5429199338 0.3801616132 0.5622927547
075590 0.9736328125 0.4584960938 0.9916992188 0.4726562500
076966 0.0390625000 0.4720053673 0.0618489757 0.4967447817
087682 0.1868491173 0.4973974526 0.2070312500 0.5175781250
087682 0.7727881074 0.4941406250 0.7955728769 0.5130208731
089691 0.6173632741 0.5767529011 0.6686069369 0.6270302534
091336 0.8122509718 0.4805307686 0.8312407136 0.5014569163
093416 0.3860678673 0.4746093750 0.4283854067 0.5143228769
098433 0.4563740194 0.3553335071 0.4964998662 0.3949760199
