010063 0.6694335938 0.3422851562 0.6962890625 0.3706054688
010189 0.5083740354 0.4448544979 0.5165842772 0.4517681599
010523 0.6513671875 0.4291992188 0.6665039062 0.4448242188
016921 0.0825195312 0.2939453125 0.1293945312 0.3603515625
020224 0.7480468750 0.3251953125 0.7778320312 0.3564453125
002298 0.5480468869 0.4296875000 0.5796874762 0.4585937560
023140 0.7375000119 0.3778349757 0.7624410391 0.4050778747
028410 0.3500976562 0.4375000000 0.3666992188 0.4536132812
029318 0.3489584923 0.4101562500 0.3802083433 0.4811196327
029363 0.6302099824 0.4567055702 0.6474609375 0.4739583433
031784 0.5113086104 0.4222524464 0.5229603052 0.4333496094
034136 0.7651367188 0.5288085938 0.7783203125 0.5434570312
003448 0.6695947051 0.4482421875 0.6839193106 0.4632161558
040588 0.2651367188 0.4028320312 0.2783203125 0.4223632812
040879 0.6386718750 0.4194335938 0.6596679688 0.4399414062
045046 0.5156250000 0.3782553673 0.5397135019 0.4029947817
045417 0.3313803673 0.3548178673 0.3483072817 0.3717447817
047948 0.1086508781 0.3993559480 0.1167347655 0.4139072895
004902 0.6093750000 0.4199218750 0.6199218631 0.4304687381
050648 0.6959618926 0.4423828125 0.7135416269 0.4583333433
051217 0.6067724824 0.4694008827 0.6269531250 0.4908854067
052335 0.4895849526 0.4368491173 0.5019531250 0.4498697817
054267 0.3209633827 0.4101562500 0.3346354067 0.4238281250
055359 0.4934912026 0.2753906250 0.5273437500 0.3059897423
058531 0.0092773438 0.3305664062 0.0791015625 0.4082031250
060784 0.6210937500 0.0322265625 0.6982421875 0.0839843750
061811 0.1789062470 0.5823779106 0.1968750060 0.6155081391
062036 0.6171875000 0.3271484375 0.6376953125 0.3471679688
062818 0.7031250000 0.3665366173 0.7298177481 0.3932291567
067215 0.4135742188 0.4067382812 0.4291992188 0.4213867188
067315 0.2018227577 0.5084618926 0.2180989683 0.5384114981
074480 0.9214843512 0.3828125000 0.9371093512 0.4007812440
075067 0.4778647423 0.0253906250 0.5618491173 0.0755214840
076837 0.6432909966 0.4588295817 0.6541418433 0.4689050317
007736 0.8170556426 0.3730468750 0.8678383827 0.4290366173
078472 0.6552734375 0.4485678673 0.6787109375 0.4716796875
079058 0.1364599615 0.4333090782 0.1632993668 0.4688793421
080690 0.7584912181 0.4285156131 0.8006820083 0.4711245596
082136 0.8776025176 0.2591147423 0.9335922599 0.3138022423
082411 0.9077148438 0.3413085938 0.9248046875 0.3647460938
085076 0.6340625286 0.4125136733 0.6510838270 0.4304697216
086245 0.7026367188 0.3930664062 0.7319335938 0.4238281250
090126 0.7721337676 0.2610678673 0.8203125000 0.3092447817
090424 0.2871093750 0.1108398438 0.3549804688 0.1665039062
091027 0.5196728706 0.2937436402 0.5549355149 0.3224206567
094665 0.1653647423 0.4140625000 0.1946614683 0.4466145933
095151 0.8226562738 0.4441406131 0.8480468988 0.4707031250
