010820 0.7314550877 0.4300756752 0.7527949810 0.4510943890
000117 0.7880859375 0.4189453125 0.8032226562 0.4350585938
012420 0.8502392769 0.4122456014 0.8971256614 0.4630170763
012604 0.5661181808 0.4191484451 0.5830368400 0.4360689819
012605 0.2175781280 0.4449218810 0.2480468750 0.4792968631
012614 0.7968750000 0.2416992188 0.8442382812 0.2895507812
013044 0.5669482350 0.4371279180 0.5785745382 0.4496055245
013471 0.8701171875 0.4306640625 0.9047851562 0.4663085938
013818 0.6380078197 0.4476630986 0.6481621861 0.4573853612
013987 0.7617187500 0.4251303673 0.7936181426 0.4557294548
014025 0.6809912324 0.4772133827 0.7070312500 0.5065103769
014558 0.4179687500 0.4482421875 0.4291992188 0.4614257812
015641 0.1364086866 0.3584604561 0.1546224058 0.3929501474
001569 0.6175341606 0.1426547915 0.7008271217 0.2269072235
015796 0.5864208937 0.4031948149 0.6067257524 0.4239827991
016394 0.6678271294 0.4731572270 0.6760343313 0.4807193875
018130 0.7630224824 0.4238281250 0.7838541269 0.4446616173
018203 0.0556640625 0.4873046875 0.0717773438 0.5034179688
018266 0.7021484375 0.3647460938 0.7290039062 0.3916015625
018581 0.8977881074 0.3841147423 0.9459602833 0.4453125000
001905 0.6394140720 0.3956626058 0.6626669168 0.4185266495
019790 0.1683593690 0.4601562619 0.2007812560 0.4933593869
019871 0.2415708005 0.2968237400 0.2910898328 0.3764907122
020038 0.9755859375 0.3959960938 0.9873046875 0.4135742188
020774 0.7919921875 0.4169921875 0.8100585938 0.4350585938
002105 0.7484375238 0.3164062500 0.7878906131 0.3574218750
021261 0.6884570122 0.4297265708 0.7020768523 0.4435381889
021290 0.5757812262 0.3128906190 0.5980468988 0.3371093869
022069 0.8999023438 0.4067382812 0.9179687500 0.4306640625
022436 0.7607128620 0.4367402196 0.7719494104 0.4495287538
023204 0.6896972656 0.4466660023 0.7052326202 0.4613703191
024019 0.5324218869 0.4320312440 0.5437499881 0.4425781369
002453 0.5571435690 0.4659096599 0.5649262071 0.4740800858
024893 0.5092383027 0.4429101646 0.5204720497 0.4545769095
025296 0.7315576077 0.4416137636 0.7406319380 0.4517681599
025722 0.5140625238 0.2832031250 0.5437499881 0.3109374940
025722 0.6386718750 0.2921875119 0.6667968631 0.3203125000
026203 0.6634863019 0.2728632689 0.7151836157 0.3226484358
026329 0.9145605564 0.4107763767 0.9308345914 0.4328651726
026987 0.6589648724 0.4556572139 0.6689020991 0.4653795362
027520 0.2655029297 0.4255815446 0.2852004468 0.4541570246
027645 0.7299463153 0.4831508696 0.7391445637 0.4918196797
027645 0.6151464581 0.4607622027 0.6205381155 0.4673118591
002799 0.2734375000 0.4531250000 0.2905273438 0.4731445312
028009 0.2509087026 0.3795058727 0.2644454241 0.4060953259
028229 0.4505209923 0.3587241173 0.4694010317 0.3763020933
028408 0.6901513934 0.4496562481 0.7013248801 0.4601023495
029332 0.5047168136 0.4297841787 0.5177569389 0.4418703616
029362 0.5981445312 0.5048828125 0.6328125000 0.5375976562
000002 0.5894531012 0.3757812381 0.6148437262 0.4007812440
030077 0.1787109375 0.4736328125 0.1889648438 0.4843750000
030363 0.6406250000 0.4946289062 0.6757812500 0.5297851562
030790 0.5533837676 0.4801435471 0.5664777756 0.4928812087
031028 0.1022719741 0.3847949207 0.1166044921 0.4095732570
031421 0.7641991973 0.4150390625 0.7808624506 0.4324776828
031485 0.0755209997 0.4322915077 0.1054687500 0.4746093750
031728 0.6328125000 0.3730468750 0.6567382812 0.3974609375
031801 0.5929687619 0.2929687500 0.6328125000 0.3300781250
032054 0.0143229002 0.2903647423 0.0442708507 0.3307291567
032108 0.5222021341 0.4569536150 0.5295498967 0.4649474025
032259 0.1589843780 0.4054687619 0.1984374970 0.4468750060
032259 0.6957031488 0.4597656131 0.7257812619 0.4890624881
003236 0.4082031250 0.3938803673 0.4238281250 0.4101562500
032521 0.7324218750 0.4192709923 0.7441406250 0.4335937500
033024 0.8055029511 0.4468906224 0.8142332435 0.4582082927
033237 0.7818945050 0.4012959003 0.8009753227 0.4226381481
034312 0.5242334008 0.4183183610 0.5412390828 0.4358089864
034623 0.5820312500 0.4628906250 0.5943961740 0.4759113193
035161 0.8433593512 0.3925781250 0.8566406369 0.4074218869
036541 0.4986474514 0.4632192254 0.5066421628 0.4709971547
036549 0.0566406250 0.4641928673 0.0911458507 0.5039062500
037039 0.6578124762 0.2417968810 0.7050781250 0.2871093750
037446 0.6386181712 0.2762641609 0.6874487400 0.3257348537
037451 0.7492187619 0.3820312619 0.7644531131 0.3980468810
037862 0.6024560332 0.4962939322 0.6187300682 0.5130572915
038304 0.5016845465 0.2058442384 0.5725342035 0.2709482312
038711 0.5332226753 0.4571694434 0.5412144065 0.4662438035
039382 0.2255859375 0.4238281250 0.2392578125 0.4384765625
039470 0.0122070312 0.4799585044 0.0280207023 0.4985462427
000394 0.7376318574 0.3606772423 0.7610677481 0.3854166567
040320 0.6250000000 0.4641928673 0.6484375000 0.4889322817
040799 0.4244790077 0.4036459923 0.4440102577 0.4218752980
040799 0.6041650176 0.4654946327 0.6145833731 0.4765625000
041274 0.0391910151 0.3931948245 0.0571803227 0.4150390625
041460 0.6751318574 0.3938803673 0.6933593750 0.4140625000
041560 0.3750000000 0.3437500000 0.4049479067 0.3736977577
041560 0.6406250000 0.4557290077 0.6523437500 0.4674479067
000415 0.5653173923 0.4563779235 0.5746536851 0.4661044478
042060 0.0081380373 0.4169765711 0.0182136726 0.4336402416
043326 0.5410156250 0.4105468690 0.5554687381 0.4250000119
043867 0.5548291206 0.4433422983 0.5649790764 0.4539289474
044539 0.3232421875 0.4267578125 0.3510742188 0.4550781250
044969 0.7019042969 0.4444467723 0.7315896153 0.4735773504
044983 0.9186181426 0.3424477577 0.9388021231 0.3671875000
045259 0.9059814215 0.4263999164 0.9156482220 0.4433206916
045767 0.5859375000 0.3722538948 0.6139773726 0.4002939463
045777 0.8424804807 0.4390654266 0.8529421091 0.4534730911
045846 0.5050976276 0.3870678842 0.5293486118 0.4109970331
045966 0.7623046637 0.4263349473 0.7773643732 0.4421252906
046278 0.5382812619 0.4136718810 0.5539062619 0.4296875000
046295 0.8489599824 0.4121093750 0.9016928673 0.4700522423
046324 0.9335937500 0.3743491173 0.9720052481 0.4270834923
046729 0.5735351443 0.3716362417 0.6026010513 0.4003131390
046818 0.7182714939 0.4402851462 0.7293692231 0.4527697861
046960 0.7738867402 0.4464287162 0.7820250392 0.4565041959
047738 0.8824609518 0.3754267693 0.9038053751 0.4029128850
047768 0.0930991247 0.3170571327 0.1236978993 0.3515625000
047768 0.2382812500 0.2864584923 0.2792968750 0.3274739683
047768 0.4401040077 0.2669272423 0.4863281250 0.3085937500
047768 0.6315087676 0.2662758827 0.6757812500 0.3059895933
048184 0.8658545017 0.4341352582 0.8779393435 0.4462213814
048424 0.7285351753 0.3737016618 0.7615505457 0.4069935083
004863 0.2414277345 0.3976005912 0.2515036166 0.4208519459
048965 0.7494726777 0.4402280152 0.7599361539 0.4514664114
004900 0.6679687500 0.4479165077 0.6946614981 0.4765625000
049402 0.5515381098 0.4355688393 0.5640203357 0.4483307600
050453 0.9205712676 0.4492187500 0.9596353769 0.4915363193
050524 0.4801972508 0.4071167111 0.4989522994 0.4271652400
050625 0.6255176067 0.4503217638 0.6344454288 0.4602586031
050739 0.5943993926 0.3020834923 0.6386718750 0.3450520933
050796 0.5814013481 0.4545766711 0.5922014117 0.4653793573
051001 0.6178466678 0.3804726601 0.6420173049 0.4041615129
051031 0.6013574004 0.3649257720 0.6315532923 0.3951223195
051071 0.5539062619 0.3714843690 0.5785156488 0.3949218690
051306 0.5258789062 0.4199218750 0.5385742188 0.4331054688
000514 0.4075522423 0.4140625000 0.4244791567 0.4309895933
000514 0.4778647423 0.4108071327 0.4960937500 0.4290364683
000514 0.5579443574 0.4101562500 0.5761718750 0.4277343750
000514 0.6302099824 0.4095053673 0.6464843750 0.4257812500
051709 0.4812138677 0.2055922896 0.5506015420 0.2717670798
051843 0.5514501929 0.4479785264 0.5615234375 0.4584418535
052128 0.9180957079 0.2871865332 0.9714213610 0.3424394429
052166 0.8333349824 0.4042968750 0.8782552481 0.4518229067
052214 0.7429540753 0.2202050835 0.8003984094 0.2843520641
052491 0.0159537606 0.4210820198 0.0290067866 0.4394531250
052667 0.7609375119 0.3921875060 0.7753906250 0.4074218869
052777 0.5402343869 0.4601562619 0.5507812500 0.4714843631
053003 0.6894531250 0.4101562500 0.7011718750 0.4214843810
053304 0.6539062262 0.1996093690 0.7105468512 0.2476562560
053770 0.9402685761 0.4018593729 0.9549595714 0.4228167534
053944 0.6835937500 0.1800781190 0.7394531369 0.2281250060
054036 0.9091015458 0.4079716802 0.9238795638 0.4272460938
054251 0.4711430669 0.3754267693 0.4976589382 0.4038829505
054328 0.6527441144 0.4462548792 0.6624583006 0.4564579725
054739 0.6421093941 0.4500395656 0.6505375504 0.4595460892
055021 0.6732470989 0.4378364384 0.6855350733 0.4510942996
055241 0.6748046875 0.4130859375 0.6852213144 0.4241536558
055241 0.7073584199 0.4147133827 0.7180989981 0.4251302183
055574 0.4797787964 0.4404247999 0.4916822314 0.4525708854
056214 0.0123697752 0.4570312500 0.0319010243 0.4798177183
000562 0.6598290801 0.4398852587 0.6704144478 0.4517683983
056651 0.5003125072 0.4493603408 0.5086263418 0.4589137733
056737 0.5398242474 0.4549540877 0.5487350821 0.4646422267
056879 0.5007275343 0.1972275376 0.5763632655 0.2632890642
057137 0.0743520483 0.3900703192 0.0901657715 0.4172585309
057363 0.2890932560 0.3662109375 0.3104072213 0.3999257684
057608 0.6953125000 0.4466147423 0.7200521231 0.4720052183
005783 0.5221240520 0.4585961998 0.5298938751 0.4669189453
058323 0.5413134694 0.4692026377 0.5484271646 0.4776102006
058900 0.0638022497 0.3574218750 0.1438803673 0.4563803673
006008 0.1898437440 0.2761718631 0.2437500060 0.3343749940
006017 0.7011718750 0.4420571327 0.7174478769 0.4589843750
060209 0.6712256074 0.4368491173 0.6914062500 0.4609375000
060209 0.9772118926 0.4570312500 0.9934896231 0.4746093750
060678 0.7174462676 0.3932290077 0.7552083731 0.4309895933
060678 0.6028662324 0.4856772423 0.6132812500 0.4960937500
062036 0.5747070312 0.3266601562 0.5937500000 0.3457031250
062052 0.8769531250 0.4772133827 0.9108072519 0.5143228769
062105 0.0878906250 0.4641928673 0.1080728993 0.4876302183
062641 0.8717431426 0.3821616173 0.9264306426 0.4388022423
062778 0.6942285299 0.4278505743 0.7213024497 0.4554068744
063201 0.6382812262 0.4304687381 0.6460937262 0.4386718869
000634 0.6157226562 0.4877929688 0.6435546875 0.5195312500
063542 0.7138183713 0.3476098776 0.7463714480 0.3851998150
063913 0.4125419855 0.4769067466 0.4214200079 0.5029851794
063994 0.6630859375 0.3515625000 0.6938476562 0.3813476562
064208 0.6811621189 0.4382382929 0.6930678487 0.4511135817
006474 0.8437500000 0.2817382812 0.8828125000 0.3266601562
065090 0.6511718631 0.4144531190 0.6597656012 0.4234375060
065357 0.5449218750 0.3955078125 0.5600585938 0.4106445312
065749 0.8095409870 0.4371279180 0.8192305565 0.4479784667
065901 0.0410600081 0.4364013672 0.0626997575 0.4591508210
066329 0.7074023485 0.4248774350 0.7219761014 0.4406679571
066549 0.3940429688 0.3974609375 0.4194335938 0.4233398438
066663 0.5901025534 0.4000576138 0.6103537679 0.4205876887
006673 0.1550097615 0.3871372044 0.1677982360 0.4123263657
006688 0.7036914229 0.4569536150 0.7129794359 0.4671079516
067272 0.0514321290 0.4303383827 0.0651041493 0.4492187500
006756 0.7595849633 0.4122905135 0.7773696184 0.4316927195
067704 0.5964697003 0.3676469624 0.6232766509 0.3982843161
068268 0.3684897423 0.3385415077 0.3997395933 0.3684895933
068474 0.5724023581 0.3969096541 0.5927057862 0.4167310894
068870 0.4377021492 0.4664931595 0.4480126500 0.4764146507
069609 0.6380224824 0.4505209923 0.6477864981 0.4615885317
069658 0.8169043064 0.4390654266 0.8262028694 0.4514664114
069700 0.1943359375 0.3535156250 0.2065429688 0.3774414062
006999 0.2122397423 0.3769531250 0.2239583433 0.3990885317
070218 0.7080078125 0.3931948245 0.7343506217 0.4221063852
070707 0.0785078108 0.0689335912 0.1378676742 0.1560585946
070815 0.5847753882 0.3987631798 0.6053133011 0.4212394953
071208 0.5462939739 0.4438042045 0.5578976274 0.4563737810
071807 0.7226562500 0.4010415077 0.7369791269 0.4153645933
071957 0.7862890363 0.4309277236 0.8025656343 0.4472036064
072078 0.5421484113 0.4541791975 0.5529978871 0.4650297761
072517 0.0449218750 0.3548178673 0.0677083507 0.3899739683
072694 0.5364599824 0.3841147423 0.5546875000 0.4029947817
072835 0.8175927997 0.4291884899 0.8320210576 0.4461117089
072883 0.5035986304 0.3925400376 0.5256204009 0.4145603478
073110 0.6673193574 0.4186196327 0.6783853769 0.4296875000
073700 0.9331591725 0.4475913048 0.9443979263 0.4626585841
073792 0.7349169850 0.4519374967 0.7457377315 0.4630346596
000739 0.6752929688 0.4116210938 0.6860351562 0.4223632812
000073 0.1552734375 0.3105468750 0.1728515625 0.3417968750
074340 0.6497412324 0.4713540077 0.6660140157 0.4876302183
074535 0.7957519293 0.4394531250 0.8063892126 0.4520227611
076040 0.8268652558 0.4298159182 0.8384303451 0.4445929229
078507 0.6892089844 0.4688364267 0.6985014677 0.4783427715
078604 0.5898437500 0.3959960938 0.6079101562 0.4125976562
078604 0.5903320312 0.4165039062 0.6074218750 0.4340820312
078678 0.5433105230 0.4371279180 0.5560981035 0.4506909549
079029 0.5934277177 0.4638671875 0.6059126258 0.4757969677
079414 0.0950522497 0.4667968750 0.1406252980 0.5221352577
079532 0.5800781250 0.3190102577 0.6210937500 0.3574218750
079556 0.6855468750 0.4915380776 0.6985677481 0.5058593750
079616 0.9370361567 0.3925625086 0.9538186193 0.4181392491
079816 0.5832275152 0.4727802873 0.6068656445 0.4956442416
080709 0.5386718512 0.4214843810 0.5515624881 0.4343749881
081047 0.5128564239 0.4067934453 0.5332305431 0.4268418849
081514 0.9335937500 0.4361977577 0.9544271231 0.4589843750
008169 0.5644531250 0.2945312560 0.5917968750 0.3214843869
000819 0.0039062500 0.4375000000 0.0644536167 0.5032553673
082082 0.7571631074 0.3743491173 0.7792968750 0.3958333433
082672 0.6951953173 0.3993271589 0.7232343554 0.4264001846
083118 0.5293750167 0.4626587033 0.5380763412 0.4732943773
083407 0.3324194252 0.4928076267 0.3472943306 0.5083286166
083589 0.9055420160 0.4463891685 0.9246826172 0.4649769962
083692 0.3841147423 0.4257812500 0.4010416567 0.4427083433
083895 0.5409862995 0.4464287162 0.5506727695 0.4580543041
084082 0.5779247880 0.4576723576 0.5878833532 0.4673896134
084263 0.5556640625 0.3896484375 0.5771484375 0.4106445312
084282 0.1085068360 0.3119575083 0.1336963922 0.3526476026
084574 0.6713867188 0.4609375000 0.6894531250 0.4785156250
085377 0.6645166278 0.4549746215 0.6884442568 0.4730295837
085429 0.5120459199 0.4444223642 0.5217695832 0.4554408789
085447 0.5405273438 0.4223632812 0.5527343750 0.4360351562
085862 0.7046142817 0.4284584820 0.7181937695 0.4430101514
086066 0.8456786871 0.4174770415 0.8843531013 0.4695937634
086358 0.5709618926 0.4139291942 0.5887140632 0.4322398007
086719 0.6844238043 0.4316850603 0.6969105005 0.4450017512
088140 0.4251303673 0.4212241173 0.4401041567 0.4361979067
088267 0.5235449076 0.4545664191 0.5340091586 0.4658048451
089092 0.7870507836 0.4341352582 0.7976872325 0.4462213814
090192 0.6855468750 0.3310546875 0.7226562500 0.3657226562
090198 0.6585302949 0.4461508691 0.6671724319 0.4554412961
090521 0.5771484375 0.3935546875 0.6147460938 0.4350585938
091027 0.4782055616 0.3235830069 0.5037822127 0.3464471698
091809 0.7094628811 0.4203745127 0.7240154743 0.4362195730
092730 0.5699853301 0.3355122209 0.6062422991 0.3732208908
093823 0.5429443121 0.4511206150 0.5511528850 0.4599784613
009389 0.5325829983 0.4601484239 0.5422831774 0.4704961777
094058 0.8405224681 0.4404247999 0.8553424478 0.4564579725
094248 0.8684912324 0.4212241173 0.8964843750 0.4544272423
094874 0.5179687738 0.4502729475 0.5287863612 0.4602605402
095041 0.6395214796 0.4435580969 0.6494577527 0.4539290965
095500 0.5471826196 0.4541791975 0.5576481819 0.4642547369
095515 0.5998876691 0.4487538934 0.6126753688 0.4619295299
096153 0.7035107613 0.3430815339 0.7375616431 0.3777754009
096971 0.8847656250 0.3717446327 0.9069010019 0.3964841366
096971 0.9674462676 0.3867187500 0.9843750000 0.4108072817
097290 0.6436474323 0.4502729475 0.6544650793 0.4608156383
097707 0.4440102577 0.4296875000 0.4576822817 0.4427083433
098129 0.5161816478 0.4475913048 0.5297464132 0.4592168927
098180 0.0607924797 0.3288623095 0.0834281743 0.3670193255
098246 0.6711913943 0.4394531250 0.6812686324 0.4514664114
098753 0.5443994403 0.4455263615 0.5546000600 0.4571867287
