000117 0.7109375000 0.4145507812 0.7270507812 0.4316406250
012614 0.3208007812 0.2216796875 0.3764648438 0.2714843750
020038 0.8564453125 0.3813476562 0.8730468750 0.3984375000
021032 0.7122412324 0.3671875000 0.7324218750 0.3860677183
022069 0.7817382812 0.3881835938 0.8056640625 0.4135742188
024019 0.4835937619 0.4332031310 0.4945312440 0.4437499940
028040 0.4147133827 0.3938803673 0.4342447817 0.4134114683
031728 0.4311523438 0.3730468750 0.4550781250 0.3969726562
031801 0.3843750060 0.2976562381 0.4230468869 0.3339843750
035161 0.7691406012 0.3867187500 0.7835937738 0.4023437500
037451 0.6679687500 0.3820312619 0.6843749881 0.3980468810
038142 0.4116210938 0.3896484375 0.4291992188 0.4067382812
043326 0.4726562500 0.4117187560 0.4875000119 0.4269531369
044983 0.7942724824 0.3268227577 0.8216146231 0.3554687500
046278 0.4621093869 0.4148437381 0.4773437381 0.4300781190
049324 0.3880209923 0.3658852577 0.4134114683 0.3899739683
051071 0.4320312440 0.3730468750 0.4566406310 0.3968749940
051306 0.4589843750 0.4169921875 0.4721679688 0.4306640625
052667 0.6921874881 0.3878906369 0.7070312500 0.4031249881
052777 0.4585937560 0.4613281190 0.4687500000 0.4714843631
053003 0.6382812262 0.4078125060 0.6499999762 0.4199218750
053304 0.3808593750 0.2007812560 0.4398437440 0.2488281280
055241 0.6123046875 0.4104819298 0.6233724356 0.4215494692
060094 0.2122397423 0.2311196327 0.2669272423 0.2858071327
006195 0.8854150176 0.2949218750 0.9147135019 0.3281250000
063201 0.5984374881 0.4304687381 0.6062499881 0.4390625060
065090 0.6066406369 0.4156250060 0.6164062619 0.4250000119
006999 0.1028647497 0.3398437500 0.1178385243 0.3678385317
071807 0.6497412324 0.3971352577 0.6647118926 0.4121090770
073110 0.6119775176 0.4166665077 0.6236978769 0.4277343750
000739 0.6259765625 0.4091796875 0.6367187500 0.4199218750
000073 0.0468750000 0.2641601562 0.0742187500 0.3022460938
080709 0.4679687619 0.4222656190 0.4808593690 0.4355468750
081474 0.4296875000 0.4331054688 0.4453125000 0.4487304688
008169 0.4253906310 0.2972656190 0.4535156190 0.3249999881
084783 0.9049462676 0.3470053673 0.9251302481 0.3704427183
085447 0.4316406250 0.4244790077 0.4453125000 0.4381511807
088027 0.9692382812 0.2724609375 0.9995117188 0.3125000000
093045 0.7167968750 0.4095053673 0.7330728769 0.4277343750
