010175 0.7014892697 0.4851684570 0.7102449536 0.4933391511
010291 0.8204394579 0.4876386821 0.8384293318 0.5094830394
010593 0.6201171875 0.4609375000 0.6386718750 0.4765625000
011151 0.5345068574 0.5403662324 0.5611978769 0.5677083731
011381 0.5813818574 0.3502602577 0.6087239981 0.3795572817
011403 0.7026367188 0.4594726562 0.7353515625 0.4882812500
012229 0.8120117188 0.4326171875 0.8452148438 0.4653320312
012229 0.6621093750 0.4702148438 0.6811523438 0.4877929688
012229 0.6606445312 0.4926757812 0.6796875000 0.5087890625
012552 0.5709618926 0.3365883827 0.6002603769 0.3671875000
012883 0.3687807620 0.6527538896 0.3842004538 0.6675319076
013012 0.3548178673 0.4537758827 0.3860678673 0.4837239683
013083 0.8470068574 0.4583334923 0.8828125000 0.4947916567
000013 0.9033203125 0.4531250000 0.9204101562 0.4687500000
000013 0.6713867188 0.4687500000 0.6855468750 0.4814453125
000013 0.6723632812 0.4819335938 0.6860351562 0.4936523438
014558 0.3662109375 0.4067382812 0.3764648438 0.4169921875
014614 0.4837192297 0.2343750000 0.5468750000 0.2855556607
014823 0.5648046732 0.4479555786 0.5757358074 0.4593732953
015220 0.3144531250 0.4420571327 0.3372395933 0.4628906250
015237 0.5111474395 0.4332529306 0.5239335299 0.4460410774
015237 0.5716015697 0.4797558486 0.5816751719 0.4921565056
001542 0.1798422784 0.4882812500 0.2001468688 0.5119686723
015497 0.9145507812 0.4858398438 0.9399414062 0.5058593750
015645 0.6098681688 0.4129370153 0.6289450526 0.4307221770
015645 0.6312060356 0.4129370153 0.6509333849 0.4313688576
015702 0.5932617188 0.4550781250 0.6152343750 0.4741210938
015943 0.6367138624 0.4485375881 0.6714273095 0.4817924798
016065 0.1635742188 0.4399414062 0.2089843750 0.4877929688
016570 0.6408691406 0.3967285156 0.6694446802 0.4228073657
016570 0.6966357231 0.4785712957 0.7118940949 0.4924428165
016570 0.6971874833 0.4627573192 0.7121692896 0.4771840274
016570 0.6095215082 0.3947866261 0.6361541152 0.4211426675
016813 0.6328125000 0.1868491173 0.6438802481 0.2194010317
016842 0.3925781250 0.4589843750 0.4243164062 0.4858398438
017256 0.7101855278 0.4761953056 0.7358104587 0.4974667430
017897 0.9270849824 0.4667968750 0.9641927481 0.5182290077
017947 0.8296874762 0.4687500000 0.8460937738 0.4843750000
018071 0.3745117188 0.2001953125 0.4267578125 0.2416992188
018071 0.4609375000 0.2001953125 0.5131835938 0.2402343750
018124 0.5815429688 0.4638671875 0.5981445312 0.4780273438
018130 0.7682275176 0.4466147423 0.7779947519 0.4544270933
018197 0.2558261752 0.4212294817 0.2789184451 0.4430700243
018397 0.8266943097 0.4539565444 0.8382974863 0.4665261209
018569 0.6254882812 0.4726562500 0.6381835938 0.4833984375
018667 0.4277343750 0.4303383827 0.4433593750 0.4446614683
018839 0.5358056426 0.4602866173 0.5800781250 0.5000000000
018885 0.0173468255 0.3482216895 0.0424033701 0.3835577667
018885 0.0436883308 0.3565737307 0.0687448755 0.3893400431
018925 0.5850536823 0.4375073314 0.5977907181 0.4500680566
019058 0.0208333489 0.4648437500 0.0670572743 0.5104166269
019452 0.5556640625 0.4541015625 0.5747070312 0.4721679688
019801 0.6708984375 0.4741210938 0.6821289062 0.4848632812
020566 0.7583886981 0.4448784292 0.7723387480 0.4588294923
020637 0.7165820599 0.3475981355 0.7585343122 0.3853070736
020774 0.7148437500 0.3437500000 0.7314453125 0.3598632812
020781 0.7602539062 0.2636718750 0.8085937500 0.3159179688
021094 0.8398437500 0.4772133827 0.8763021231 0.5091146231
021298 0.5283203125 0.4189453125 0.5419921875 0.4306640625
021427 0.6508789062 0.3828125000 0.6796875000 0.4086914062
002182 0.4390625060 0.4714843631 0.4539062381 0.4871093631
022006 0.0501303710 0.4108071327 0.1035156250 0.4628906250
022075 0.6706298590 0.4887109399 0.6784084439 0.4958431125
022075 0.7739062309 0.4964941442 0.7803869843 0.5038383007
022312 0.5287548900 0.4034745991 0.5512438416 0.4233912528
002257 0.6782959104 0.5227295160 0.6945729852 0.5373046994
022682 0.1571552753 0.4805205166 0.1671794951 0.4986289442
022696 0.7272802591 0.4651523530 0.7484837174 0.4876387715
022904 0.7659912109 0.3440161049 0.7984508276 0.3775856793
023088 0.6538085938 0.4365234375 0.6616210938 0.4443359375
002377 0.4531250000 0.3066406250 0.4858398438 0.3339843750
024165 0.4492187500 0.4830727577 0.4680989683 0.4980468750
024258 0.1522290111 0.4518994093 0.2077587843 0.5160464048
024661 0.6848779321 0.4349555671 0.7002980709 0.4490900040
024661 0.7022265792 0.4355981350 0.7150750756 0.4490902424
024661 0.8750537038 0.4638671875 0.8923981786 0.4799293578
024993 0.5405077934 0.4367807508 0.5545976758 0.4506277442
025200 0.0683593750 0.3779296875 0.1757812500 0.4746093750
025287 0.6171875000 0.3002929688 0.6684570312 0.3471679688
025421 0.7275781035 0.4848632812 0.7435397506 0.4998458028
025588 0.6098632812 0.4750976562 0.6567382812 0.5170898438
026042 0.9712890387 0.2832587957 0.9846080542 0.2979626358
026042 0.9460449219 0.3773081005 0.9668505788 0.3992254734
026242 0.5240868926 0.2845053673 0.5703108907 0.3255208433
002624 0.9264501929 0.3636411130 0.9553620815 0.3964072764
002624 0.9566454887 0.3713505864 0.9836315513 0.4021893442
026710 0.7511767745 0.4633823335 0.7676686645 0.4811672270
026710 0.5820556879 0.4666157365 0.6008123159 0.4814905822
027009 0.0000000000 0.0755209997 0.0625000000 0.1660156250
027169 0.2607421875 0.4560546875 0.2749023438 0.4697265625
027263 0.6619531512 0.5465429425 0.6766561270 0.5604137182
028195 0.3268227577 0.4114584923 0.3444010317 0.4296875000
028256 0.9484375119 0.4222656190 0.9738281369 0.4476562440
028421 0.0555297844 0.3686044812 0.1302084923 0.4767924845
029071 0.6254882812 0.4082031250 0.6645507812 0.4418945312
029071 0.4311523438 0.2607421875 0.4702148438 0.2954101562
029107 0.5789648294 0.4937060475 0.5952398777 0.5099826455
029107 0.7064599395 0.4785932600 0.7227337360 0.4937065840
029178 0.4817709923 0.4023437500 0.5045572519 0.4225260317
029439 0.1187192351 0.5131738186 0.1378676295 0.5552864075
029714 0.7804199457 0.4855068326 0.7915172577 0.4960493743
029714 0.9626904130 0.4991015494 0.9735107422 0.5107523799
002981 0.7128906250 0.4889306724 0.7434896231 0.5195312500
029859 0.5081982613 0.4426655173 0.5229749084 0.4548725188
029859 0.5242578387 0.4426655173 0.5390368104 0.4561574757
030077 0.1787109375 0.4619140625 0.1904296875 0.4726562500
030178 0.6780956984 0.4953955114 0.6913545132 0.5080065727
030536 0.0121930176 0.3926953077 0.0294262208 0.4119670987
030915 0.6406250000 0.4244790077 0.6575521231 0.4401041567
031336 0.6095752120 0.4053505957 0.6301153302 0.4255020618
031524 0.5698486567 0.4610927701 0.5856600404 0.4746872187
031565 0.8295898438 0.3457031250 0.8569335938 0.3789062500
031755 0.7760400176 0.3971352577 0.7949218750 0.4179687500
031912 0.8043798804 0.4651523530 0.8448492885 0.4992037117
032565 0.4291733503 0.4715766609 0.4516606927 0.5056280494
032733 0.7002978325 0.4683647454 0.7581205964 0.5236172080
032920 0.2651367188 0.4448242188 0.2993164062 0.4775390625
032920 0.2949218750 0.4365234375 0.3188476562 0.4570312500
003304 0.9144531488 0.3191406131 0.9460937381 0.3542968631
033127 0.7020605206 0.4565659165 0.7151154876 0.4681684673
033160 0.1271464825 0.4728110433 0.1440671384 0.4906984866
033292 0.7338867188 0.4028320312 0.7470703125 0.4140625000
033480 0.0063809571 0.4233618081 0.0246915035 0.4466660619
033981 0.8851904273 0.3790224493 0.9098468423 0.4056118131
033981 0.9103320241 0.3824062645 0.9340289831 0.4070622027
033981 0.9403027296 0.4607246220 0.9601199031 0.4810295403
034441 0.5527343750 0.4427084923 0.5846369863 0.4726562500
003447 0.6528320312 0.4375000000 0.6640625000 0.4482421875
034501 0.9839257598 0.4677421749 0.9998157620 0.4886685908
034771 0.7200537324 0.2942709923 0.7662776113 0.3430989683
034867 0.5195312500 0.3782553673 0.5449218750 0.4029947817
034867 0.6979150176 0.4700522423 0.7161458731 0.4863281250
034974 0.1933974624 0.4040288031 0.2278643996 0.4547719657
034974 0.1933974624 0.4518994093 0.2249921411 0.5007275343
034974 0.0822368190 0.1464843750 0.1451992244 0.2428554744
034974 0.0000000000 0.0905893520 0.0661749840 0.1953125000
035089 0.8417041302 0.5285840034 0.8506169319 0.5394344926
035507 0.5700488091 0.4673549831 0.5828372836 0.4813058078
035542 0.0236390140 0.4940966666 0.0430152826 0.5146347284
035881 0.2070312500 0.3756508827 0.2154947817 0.3854166567
035925 0.6416015625 0.4731445312 0.6616210938 0.4907226562
036107 0.5188818574 0.2441406250 0.5813847780 0.2929687500
036107 0.5143212676 0.4153647423 0.5345052481 0.4335937500
036140 0.5041259527 0.4856943488 0.5151205659 0.4964998662
036185 0.0212716796 0.4660424888 0.0720333979 0.5211557746
003629 0.8310449123 0.4665263593 0.8687538505 0.5037515759
036342 0.7133789062 0.3759765625 0.7309570312 0.3916015625
036455 0.4479165077 0.4798178673 0.4583333433 0.4902342260
036756 0.6367187500 0.1178383753 0.6914062500 0.1595052183
036756 0.9316406250 0.3248696327 0.9759131074 0.3704427183
036836 0.8051757812 0.4721679688 0.8471679688 0.5097656250
036966 0.5253906250 0.3170571327 0.5670556426 0.3515625000
036966 0.7806006074 0.4641928673 0.8046875000 0.4850260317
037028 0.6458837986 0.3799892664 0.6729578972 0.4056124985
037028 0.6763427854 0.3824062645 0.7034150958 0.4080287516
037145 0.4192709923 0.2604165077 0.4778647423 0.3098959923
037145 0.4804687500 0.2649741173 0.5332031250 0.3092447817
037281 0.5351562500 0.3756508827 0.5611978769 0.3971354067
037500 0.4414062500 0.2877602577 0.4947915077 0.3326815367
037771 0.7943017483 0.4858642519 0.8049389124 0.4969832897
038022 0.8243359327 0.5016845465 0.8664598465 0.5466834903
038052 0.0720795915 0.5599755645 0.1069568396 0.5956256390
038078 0.8329492211 0.4432827234 0.8693321347 0.4854089916
003815 0.3886718750 0.2519531250 0.4264324307 0.2805989683
038371 0.8343750238 0.4609375000 0.8515625000 0.4765625000
038530 0.7503076196 0.4162475467 0.7696282864 0.4326848686
038530 0.7725488544 0.4162475467 0.7914075255 0.4341351986
038609 0.8632812500 0.4995117188 0.8876953125 0.5229492188
038995 0.6941259503 0.4586015642 0.7448681593 0.4997704029
039382 0.6328125000 0.4507812560 0.6378906369 0.4566406310
039475 0.7967187762 0.4046450257 0.8170127273 0.4254331589
039475 0.8184765577 0.4060952067 0.8363672495 0.4259164631
039475 0.8440966606 0.4679765701 0.8619841933 0.4829633236
039565 0.6381835938 0.3466796875 0.6665039062 0.3710937500
039565 0.6459960938 0.4780273438 0.6650390625 0.4931640625
039663 0.5118457079 0.4382382929 0.5264218450 0.4523281753
039663 0.5295751691 0.4387241304 0.5434242487 0.4523282349
040317 0.6386718750 0.4524741173 0.6582047343 0.4694010317
040317 0.7532568574 0.4505209923 0.7858072519 0.4830727577
040458 0.7020263672 0.4734062552 0.7233676910 0.4963653684
004059 0.6621093750 0.4643554688 0.6718750000 0.4726562500
040935 0.6376659870 0.4505722523 0.6473336220 0.4607248008
040935 0.6487841606 0.4520229399 0.6589379907 0.4612082541
040935 0.7338720560 0.4732944369 0.7445080280 0.4829633236
041129 0.7661377192 0.4514663219 0.7742719054 0.4607670009
041141 0.6972656250 0.3235678673 0.7369791269 0.3626302183
041154 0.4748774469 0.2881816328 0.5342373252 0.3398818374
041154 0.5447704792 0.2900966704 0.6022182703 0.3389246166
041464 0.8208007812 0.4379882812 0.8925781250 0.5029296875
041523 0.7163085938 0.2109375000 0.7905273438 0.2812500000
041562 0.7028661966 0.4600121975 0.7343493104 0.4895662069
042108 0.8833007812 0.4326171875 0.9301757812 0.4804687500
042136 0.0668173805 0.4375258684 0.1169301793 0.4953486323
042162 0.6538085938 0.4848632812 0.6860351562 0.5151367188
004232 0.8686523438 0.4858398438 0.9018554688 0.5214843750
042381 0.6177148223 0.6863086224 0.6277919412 0.6963821054
042818 0.3790605366 0.4458779395 0.3996202052 0.4760742188
042829 0.5620117188 0.4672851562 0.5849609375 0.4882812500
043136 0.7600488067 0.4291733503 0.7857472897 0.4555149972
043393 0.5902050734 0.3500976562 0.6319559813 0.3880222142
044151 0.3893227577 0.3886718750 0.4153645933 0.4127604067
044681 0.6562500000 0.4599609375 0.6752929688 0.4790039062
044820 0.5794287324 0.4830727577 0.6009114981 0.5026041269
045050 0.6396484375 0.3876953125 0.6616210938 0.4042968750
045050 0.6621093750 0.3881835938 0.6811523438 0.4033203125
045641 0.6956054568 0.5014550686 0.7068452239 0.5123077631
045641 0.5549414158 0.4793681502 0.5696650147 0.4898313582
045973 0.6826171875 0.4677734375 0.7026367188 0.4848632812
046232 0.9267578125 0.4892578125 0.9511718750 0.5131835938
046292 0.6269531250 0.4453125000 0.6655273438 0.4794921875
046360 0.5371093750 0.3535156250 0.5690119863 0.3821614683
046490 0.4401040077 0.3600258827 0.4602864683 0.3808593750
046506 0.0025699025 0.4195366204 0.0289114062 0.4535875916
047022 0.1414467841 0.4776455164 0.1580874026 0.4940941334
047144 0.6899414062 0.4902343750 0.7270507812 0.5244140625
047273 0.1276040077 0.3867187500 0.1588541567 0.4173177183
048397 0.8062499762 0.4851562381 0.8207031488 0.4992187619
048536 0.8938818574 0.2805991173 0.9915381074 0.3867187500
048586 0.6992187500 0.2324218750 0.7662743926 0.2942709923
048622 0.5727539062 0.4584960938 0.5957031250 0.4785156250
048796 0.6014062762 0.4863539934 0.6142063737 0.5013352036
050075 0.6274023652 0.4561167061 0.6351504922 0.4638671875
050075 0.6359277368 0.4557290077 0.6440662146 0.4638671875
050116 0.8085937500 0.4264321327 0.8515592813 0.4694010317
050505 0.7808593512 0.3503906131 0.8042968512 0.3769531250
005051 0.2845053673 0.3138022423 0.2968750000 0.3268229067
050549 0.0160618648 0.6495410204 0.0533254407 0.6970857382
050549 0.0558955073 0.6392626762 0.0880190432 0.6842362285
050549 0.8265917897 0.5111474395 0.8393834829 0.5235459805
005080 0.9052587748 0.4840185642 0.9207598567 0.5022321343
052511 0.6405468583 0.3636411130 0.6694592834 0.3912674785
052662 0.0000000000 0.3231650293 0.0301963370 0.3713507354
005288 0.5065087676 0.3997397423 0.5305989981 0.4205729067
053149 0.8209618926 0.4895849526 0.8626302481 0.5292968750
005332 0.7172851562 0.4799804688 0.7338867188 0.4960937500
053765 0.1464843750 0.4207031131 0.1804687530 0.4683593810
053912 0.9016943574 0.4811196327 0.9329427481 0.5110677481
054085 0.7102881074 0.4055991173 0.7278646231 0.4238281250
054608 0.8584570289 0.4550781250 0.8705989718 0.4683725238
005512 0.5261865258 0.3848427832 0.5544584394 0.4098992646
005512 0.5557422042 0.3848427832 0.5827243924 0.4079718292
055437 0.6020507812 0.3505859375 0.6254882812 0.3710937500
056263 0.2480468750 0.4410156310 0.2664062381 0.4585937560
056272 0.5185546875 0.3369140625 0.5400390625 0.3564453125
056576 0.4876303673 0.4147133827 0.5045574307 0.4309895933
057064 0.8085937500 0.4916992188 0.8227539062 0.5039062500
057153 0.7416992188 0.3515625000 0.7685546875 0.3779296875
057153 0.8852539062 0.4096679688 0.9072265625 0.4301757812
057526 0.2592773438 0.4331054688 0.3227539062 0.4946289062
005773 0.7828124762 0.3874999881 0.8058593869 0.4078125060
057768 0.5221240520 0.4176982343 0.5429219007 0.4346186519
057768 0.5438769460 0.4167309701 0.5641792417 0.4336517453
058029 0.6530517340 0.2626215816 0.7244458199 0.3200092912
005824 0.8886718750 0.4609375000 0.9069010019 0.4778645933
005841 0.7172851562 0.4501953125 0.7436523438 0.4716796875
058710 0.3859375119 0.4547626972 0.4074361324 0.4765279889
058878 0.8652343750 0.4902343750 0.8789062500 0.5052083731
059031 0.9077148438 0.4819335938 0.9165039062 0.4907226562
059155 0.0844726562 0.4384765625 0.1777343750 0.5419921875
059242 0.3626303673 0.4479165077 0.4003906250 0.4811197817
059252 0.6282568574 0.2630209923 0.6783852577 0.3138022423
059623 0.0852099583 0.4901953042 0.1206341833 0.5294373035
005970 0.5792968869 0.3089843690 0.6207031012 0.3457031250
006017 0.7207031250 0.4283852577 0.7337239981 0.4407552183
060241 0.8653417826 0.4758803844 0.8831690550 0.4937065840
060241 0.6560791135 0.4758803844 0.6731305718 0.4937065840
060406 0.8886718750 0.5266943574 0.9042968750 0.5429687500
060522 0.6518164277 0.4689047933 0.6607297659 0.4774305522
060637 0.8901367188 0.4565429688 0.9418945312 0.5063476562
060637 0.5952148438 0.1381835938 0.6650390625 0.1918945312
060727 0.7792968750 0.4583334923 0.7981771231 0.4759114683
060801 0.3667968810 0.4617187381 0.3835937381 0.4773437381
061231 0.7910156250 0.3730468750 0.8118489981 0.3984375000
061275 0.3291015625 0.3759765625 0.3491210938 0.3950195312
061956 0.5092040896 0.4181391597 0.5274199247 0.4359652400
061956 0.5863232613 0.4793681502 0.6029886007 0.4956442416
062025 0.5230908394 0.4544399381 0.5313079953 0.4626585841
062025 0.5327587724 0.4539565444 0.5404934883 0.4621751606
062713 0.1054687500 0.5258789062 0.1162109375 0.5405273438
062725 0.5878906250 0.3854165077 0.6119791269 0.4069010317
062965 0.6139306426 0.4433593750 0.6360677481 0.4622395933
063032 0.6555517316 0.4761953056 0.6739115119 0.4916652441
063084 0.2958413064 0.3877524436 0.3820083141 0.5284926891
063467 0.1966147423 0.4264321327 0.2278645933 0.4570312500
063574 0.6313818097 0.4587910175 0.6391166449 0.4689433575
063574 0.6395996213 0.4597578049 0.6502298117 0.4689433575
063659 0.5865868926 0.4752602577 0.6022135019 0.4915364683
063915 0.6772412062 0.4329677820 0.7179710269 0.4723184705
063915 0.6764550805 0.4722153246 0.7179777622 0.5112780333
064371 0.4570312500 0.4856772423 0.4811197817 0.5078125000
064408 0.8795556426 0.1861977577 0.9036458731 0.2070312500
064408 0.3593750000 0.3684897423 0.3691406250 0.3782552183
064423 0.7721337676 0.4973974526 0.7812500000 0.5084635019
006444 0.7353222370 0.4196318388 0.7522432208 0.4360689819
006444 0.7527245879 0.4201152325 0.7691460252 0.4360689819
064497 0.7025830150 0.4615419805 0.7285466194 0.4875062108
064554 0.2337929755 0.7786620855 0.2573985755 0.7964492440
064626 0.5254589915 0.4444467723 0.5373868346 0.4547119141
064626 0.5384960771 0.4444467723 0.5507071018 0.4544344842
065016 0.4967431724 0.3717446327 0.5247396231 0.3971354067
065179 0.5327587724 0.3137568235 0.5815864801 0.3548498452
065423 0.7050781250 0.4765625000 0.7211914062 0.4912109375
065465 0.7227832079 0.4510175884 0.7574784160 0.4850688875
066019 0.7367724776 0.4868310690 0.7696472406 0.5100363493
066056 0.0286458489 0.2714843750 0.0462239757 0.2877604067
066398 0.8352881074 0.3912758827 0.8665364981 0.4244788587
066398 0.8736962676 0.4785156250 0.8932291269 0.4993489683
066398 0.5885400176 0.4583334923 0.5996093750 0.4687500000
067316 0.9223632812 0.4750976562 0.9458007812 0.4995117188
067753 0.9492187500 0.3364257812 0.9697265625 0.3574218750
067791 0.0815947279 0.4825009704 0.1117906719 0.5204049945
067828 0.8580712676 0.4583334923 0.8880208731 0.4960937500
067855 0.5308251977 0.3712871075 0.5632227063 0.3983597755
068054 0.6116357446 0.4805717766 0.6476163864 0.5107680559
068359 0.6020507812 0.4956054688 0.6264648438 0.5161132812
068359 0.6406250000 0.4873046875 0.6499023438 0.4965820312
069321 0.7222656012 0.4550781250 0.7601562738 0.4902343750
069425 0.6308887005 0.4751054645 0.6463913321 0.4909939468
070437 0.7273437381 0.4625000060 0.7515624762 0.4839843810
070439 0.9692382812 0.4541015625 0.9931640625 0.4794921875
007092 0.8639306426 0.4576821327 0.8912760019 0.4817706943
071017 0.5554687381 0.4882812500 0.5652343631 0.4984374940
071597 0.8332909942 0.3379418850 0.9200249314 0.4208212793
072147 0.8191552758 0.5891503692 0.8377854824 0.6219161153
072147 0.7985986471 0.5846533179 0.8165904880 0.6167763472
007268 0.7551416159 0.4868310690 0.7688491940 0.5022321343
073224 0.0537109375 0.4194335938 0.0830078125 0.4497070312
073250 0.0611977540 0.2812500000 0.0748697743 0.3040364683
073838 0.4765625000 0.2250976562 0.5356445312 0.2744140625
074070 0.9079150558 0.4607246220 0.9243615866 0.4766785204
074722 0.0937500000 0.2905273438 0.1186523438 0.3256835938
074722 0.1655273438 0.4355468750 0.1875000000 0.4560546875
075227 0.3580727577 0.5429199338 0.3801616132 0.5622927547
075590 0.9736328125 0.4584960938 0.9916992188 0.4726562500
075881 0.0058013671 0.4761953056 0.0198213384 0.4902150333
075973 0.8452783227 0.4937793016 0.8578875065 0.5102700591
076091 0.7174462676 0.4615883827 0.7363281250 0.4791666567
007622 0.9121972919 0.5482079983 0.9230162501 0.5620774031
007622 0.9463232160 0.5423779488 0.9571444392 0.5556964874
076474 0.0372023918 0.4836308658 0.0465029776 0.4948692024
076649 0.8427734375 0.4204101562 0.8754882812 0.4555664062
076677 0.6053906083 0.4223339856 0.6219263673 0.4380913079
076734 0.4311938584 0.7108007669 0.4443116188 0.7270774841
076837 0.6425195336 0.4847934544 0.6541418433 0.4964194298
076900 0.7440234423 0.4771621227 0.7517550588 0.4858640134
076966 0.0390625000 0.4720053673 0.0618489757 0.4967447817
077910 0.6325488091 0.4580410123 0.6428120732 0.4694160223
007807 0.8201416135 0.4493916035 0.8285657763 0.4636511207
078307 0.6436083913 0.4550214708 0.6807627678 0.4884582460
078307 0.9742627144 0.4337919950 1.0000000000 0.4613906741
078340 0.4243398309 0.5223827958 0.4518540502 0.5591983199
078340 0.1292509735 0.3427543938 0.2345664054 0.4681757689
078589 0.7773437500 0.4218750000 0.8046875000 0.4458007812
078923 0.5494775176 0.3971352577 0.5592447519 0.4069010317
078974 0.8196631074 0.4869790077 0.8567708731 0.5221353769
079332 0.3571157157 0.5170019269 0.4250918031 0.6548711061
079937 0.6139306426 0.4466147423 0.6419271231 0.4726562500
079939 0.0558593757 0.4242187440 0.1265625060 0.4976562560
080152 0.7075195312 0.4575195312 0.7221679688 0.4711914062
080215 0.5174121261 0.1240234375 0.6197187304 0.1955878884
080471 0.6962890625 0.4848632812 0.7065429688 0.4956054688
081422 0.6858154535 0.4785712957 0.6941362023 0.4868944287
081455 0.6556006074 0.2447915077 0.7174477577 0.2994790077
081949 0.6578955054 0.4670795798 0.6816663146 0.4882812500
082195 0.7663769722 0.4837539196 0.7780163288 0.4944252074
082461 0.3515625000 0.4537758827 0.3723958433 0.4720052183
082461 0.5833349824 0.4583334923 0.6048177481 0.4765625000
083208 0.2239775360 0.3845517635 0.2329660207 0.4047147036
083208 0.3070586026 0.4525713027 0.3255208433 0.4826939404
083718 0.3042070270 0.4983593822 0.3204832077 0.5257259607
008375 0.9211719036 0.4175893664 0.9330775738 0.4326504767
008375 0.8689453006 0.4676323235 0.8854652643 0.4843944311
083786 0.6235351562 0.3662109375 0.6420898438 0.3833007812
083918 0.9207568169 0.5421338081 0.9333202839 0.5583147407
083985 0.1723535210 0.4808437526 0.1898150444 0.5038024187
084289 0.8735351562 0.4316406250 0.9877929688 0.5595703125
084293 0.8088232279 0.3941938579 0.8291047812 0.4157692492
084293 0.8042822480 0.3956538141 0.8792260885 0.4637861252
084332 0.7541259527 0.5037500262 0.7707882524 0.5185122490
084332 0.5781884789 0.4739428759 0.5929129124 0.4886687994
084617 0.5668945312 0.3867187500 0.5859375000 0.4047851562
085481 0.7124999762 0.3828125000 0.7320312262 0.4015625119
085758 0.5161474347 0.4515517652 0.5245758295 0.4595459104
086217 0.5188818574 0.3808593750 0.5292968750 0.3912760317
086605 0.8431006074 0.4160156250 0.8860677481 0.4563802183
086716 0.6893749833 0.4182514548 0.7497685552 0.4786440432
087068 0.9042968750 0.4453125000 0.9462890625 0.5087890625
008714 0.6770849824 0.2141928673 0.7434868217 0.2701821327
008739 0.0227864739 0.4082031250 0.0358072743 0.4199218750
087665 0.5876660347 0.4217368066 0.6051661968 0.4392370582
087665 0.6097070575 0.4247617126 0.6272037625 0.4418305755
087682 0.1868491173 0.4973974526 0.2070312500 0.5175781250
087682 0.7727881074 0.4941406250 0.7955728769 0.5130208731
087800 0.6342773438 0.4389648438 0.6728515625 0.4721679688
008783 0.7075195312 0.4643554688 0.7172851562 0.4736328125
087919 0.4088540077 0.2858071327 0.4615883827 0.3307291567
087927 0.4882812500 0.4458007812 0.4965820312 0.4531250000
088185 0.5089746118 0.4918359518 0.5222345591 0.5047728419
088333 0.6162109375 0.4501953125 0.6323242188 0.4643554688
088546 0.6797265410 0.4573408067 0.7067992091 0.4853805602
088586 0.6743164062 0.4843750000 0.6845703125 0.4941406250
088586 0.6801757812 0.4936523438 0.7236328125 0.5317382812
088781 0.6928710938 0.2807617188 0.7250976562 0.3100585938
089174 0.8105468750 0.4544272423 0.8385416269 0.4804687500
089637 0.4114584923 0.4667968750 0.4251302183 0.4772135317
089637 0.5501318574 0.4700522423 0.5611978769 0.4811197817
089691 0.6173632741 0.5767529011 0.6686069369 0.6270302534
089759 0.7060791254 0.4086142480 0.7253546119 0.4317433536
090192 0.4877929688 0.2143554688 0.5239257812 0.2412109375
090411 0.2216538042 0.3058183491 0.2441405803 0.3527189493
090411 0.2447832078 0.3199526370 0.2672701180 0.3687807620
090420 0.2058442384 0.2115883827 0.3820083141 0.3686044812
090420 0.2029716820 0.3647749126 0.3791362345 0.5294501781
090633 0.6790381074 0.4335937500 0.6894531250 0.4453125000
090648 0.5598974824 0.3730468750 0.6074218750 0.4127602577
090723 0.2281250060 0.4667968750 0.2374999970 0.4749999940
091281 0.8233105540 0.4302675724 0.8697207570 0.4752281606
091336 0.8122509718 0.4805307686 0.8312407136 0.5014569163
091515 0.5756835938 0.4799804688 0.5859375000 0.4902343750
091569 0.7235107422 0.4611542821 0.7312600613 0.4696800709
091715 0.7109375000 0.4550781250 0.7734375000 0.5102539062
091876 0.6217138767 0.4708769619 0.6391166449 0.4873143435
092054 0.6584521532 0.4254330993 0.6734413505 0.4438041449
092536 0.4186196327 0.4654946327 0.4394529760 0.4856772423
092707 0.8618164062 0.4121093750 0.9213867188 0.4721679688
093103 0.3919272423 0.4765625000 0.4251305163 0.5052083731
093416 0.3860678673 0.4746093750 0.4283854067 0.5143228769
093443 0.5317919850 0.3893398345 0.5535466075 0.4094792604
093709 0.5755224824 0.1803383827 0.6497397423 0.2350258827
093747 0.5553368926 0.2044272423 0.6282553673 0.2610678673
093783 0.1640625000 0.4340820312 0.1782226562 0.4545898438
093877 0.8454980254 0.4317436516 0.8936831951 0.4882812500
009399 0.6015087962 0.4499975443 0.6104332209 0.4587572217
094455 0.6533984542 0.4523027241 0.6623920202 0.4612973630
094455 0.6643213034 0.4529453218 0.6739566326 0.4625822306
094761 0.6575537324 0.3847656250 0.6835937500 0.4127604067
094777 0.6536474824 0.4036459923 0.6901041269 0.4342447817
094825 0.6868506074 0.4121093750 0.7011718750 0.4257811010
094833 0.5755224824 0.3287758827 0.6139322519 0.3626302183
094833 0.5338525176 0.3255209923 0.5735677481 0.3619791567
094893 0.7045898438 0.4570312500 0.7265625000 0.4775390625
094893 0.6269531250 0.4819335938 0.6396484375 0.4931640625
094893 0.6259765625 0.4975585938 0.6401367188 0.5097656250
094932 0.2871093750 0.4669731557 0.3009499013 0.4819565415
094942 0.7359082103 0.4673549831 0.7622612715 0.4933196306
094966 0.7501757741 0.4816230536 0.7593328357 0.4943847656
095386 0.8085937500 0.4459633827 0.8281250000 0.4661458433
096011 0.5134228468 0.4500888586 0.5240563154 0.4612082541
096011 0.5269579887 0.4510556757 0.5380762815 0.4607248008
009633 0.8720703125 0.4960937500 0.8886718750 0.5122070312
009633 0.7666015625 0.4877929688 0.7749023438 0.4960937500
096501 0.1741108447 0.4118266702 0.2190840840 0.4844267666
096525 0.6147460938 0.4609375000 0.6313476562 0.4760742188
096754 0.7001953125 0.4956054688 0.7197265625 0.5117187500
097043 0.1725258827 0.5292968750 0.1809895933 0.5371093750
097378 0.6647118926 0.4750976562 0.6835937500 0.4954427183
098157 0.6191406250 0.4614257812 0.6513671875 0.4892578125
098318 0.6243506074 0.4830727577 0.6354166269 0.4921875000
098433 0.4563740194 0.3553335071 0.4964998662 0.3949760199
098447 0.2944335938 0.4995117188 0.3198242188 0.5239257812
009852 0.0000000000 0.2827148438 0.0776367188 0.3891601562
009852 0.5874023438 0.5541992188 0.5957031250 0.5629882812
098882 0.4980468750 0.3203125000 0.5358072519 0.3567709923
009902 0.0000000000 0.4641928673 0.0319010243 0.5052083731
000992 0.6723632812 0.4731445312 0.7006835938 0.5000000000
