010056 0.2209350616 0.4326850474 0.2286703140 0.4476717412
010056 0.6221972704 0.4529897571 0.6318649650 0.4636254907
010191 0.4589843750 0.5065087676 0.4654947817 0.5117187500
001031 0.7411230206 0.3930419981 0.7638459206 0.4186649024
010388 0.0390625000 0.4023437500 0.0846353993 0.4550781250
010426 0.3246586919 0.4499848485 0.3370097578 0.4604718685
010446 0.6718750000 0.5052099824 0.6848958731 0.5169271231
010446 0.8782568574 0.5078125000 0.8893228769 0.5195312500
010496 0.3839233518 0.2644453049 0.3992417455 0.3069887161
010502 0.2270893604 0.4231772423 0.2410404235 0.4406162500
001054 0.4684599638 0.4201152325 0.4819964468 0.4341351986
010570 0.0705292970 0.4092260599 0.0821552724 0.4262773097
010570 0.1158701181 0.4169765711 0.1259455532 0.4336402416
010570 0.7413330078 0.4429409206 0.7521856427 0.4549540877
010570 0.8661181927 0.4452661276 0.8761935830 0.4576667845
010705 0.1419272423 0.2695312500 0.1712239683 0.3183593750
010705 0.2298178673 0.3203125000 0.2473958433 0.3587239683
010705 0.2851562500 0.3541665077 0.2994791567 0.3854166567
011061 0.9189453125 0.4780273438 0.9355468750 0.4995117188
011061 0.9194335938 0.5014648438 0.9370117188 0.5219726562
011184 0.2747397423 0.2063803673 0.3229166567 0.2486981899
011184 0.4492187500 0.1829428673 0.5045571327 0.2265625000
011184 0.6380224824 0.1842446327 0.6914062500 0.2272135317
011381 0.1412758827 0.4746093750 0.1673177183 0.5084635019
011620 0.7465820312 0.4580078125 0.7827148438 0.4931640625
011620 0.7485351562 0.4946289062 0.7836914062 0.5317382812
011621 0.7672314644 0.4558901489 0.7764255404 0.4660423398
011623 0.6533203125 0.4565429688 0.6738281250 0.4770507812
011623 0.6528320312 0.4804687500 0.6723632812 0.5014648438
011642 0.7169189453 0.4844516516 0.7355223894 0.5022321343
011722 0.6014599800 0.4103500843 0.6198908091 0.4287820756
000117 0.7109375000 0.4145507812 0.7270507812 0.4316406250
000117 0.7622070312 0.4169921875 0.7788085938 0.4340820312
000117 0.8066406250 0.4208984375 0.8217773438 0.4365234375
001191 0.2701821327 0.4420571327 0.2975260317 0.4707031250
012001 0.3404746056 0.4654013813 0.3515621126 0.4785155356
012001 0.7432470918 0.4582031369 0.7634996176 0.4793769419
012047 0.3178613186 0.4078584015 0.3398820460 0.4432828724
012253 0.4177519679 0.4444907308 0.4309275746 0.4592168927
012339 0.0074218749 0.4726562500 0.0253906250 0.4980468750
012339 0.7628906369 0.5140625238 0.7675781250 0.5203124881
012529 0.1512714773 0.2853095829 0.1953125000 0.3322227597
012604 0.0478707030 0.2259497046 0.0966988280 0.2776499093
012614 0.3208007812 0.2216796875 0.3764648438 0.2714843750
012614 0.5097656250 0.2138671875 0.5683593750 0.2656250000
012614 0.6889648438 0.2255859375 0.7416992188 0.2768554688
012614 0.8515625000 0.2514648438 0.8925781250 0.2973632812
012686 0.0950864255 0.4407382905 0.1156455576 0.4645096660
012686 0.7664746046 0.3983344734 0.7831774354 0.4195363820
012858 0.0512695312 0.5014648438 0.0668945312 0.5229492188
013044 0.3844248056 0.4344155192 0.3944925666 0.4468161166
013044 0.5924072266 0.4934570193 0.6027525067 0.5031560659
013073 0.1046318337 0.4309277236 0.1135447249 0.4441034198
013073 0.1402841806 0.4297651350 0.1507471651 0.4433283806
013274 0.8997412324 0.3287758827 0.9257812500 0.3574218750
013274 0.9746093750 0.3424477577 0.9941406250 0.3678385317
001334 0.7890625000 0.3632812500 0.8105468750 0.3867187500
001334 0.8600243926 0.3717446327 0.8789062500 0.3945312500
001334 0.9231787324 0.3815102577 0.9394531250 0.4023437500
013456 0.7921728492 0.4773593843 0.8069490194 0.4940635264
013497 0.6156885028 0.4371894598 0.6289450526 0.4498008192
013497 0.7343603373 0.4472138584 0.7453528643 0.4588550329
013497 0.7751074433 0.4481840730 0.7870705724 0.4598251581
013701 0.9727343917 0.2479702085 0.9985830188 0.3063725531
013802 0.0550283194 0.4339560568 0.0662894025 0.4448784590
013802 0.0940991193 0.4378364384 0.1031534672 0.4498008192
013870 0.0616777353 0.4368833005 0.0770970210 0.4535875916
013870 0.2415708005 0.4690068364 0.2557051778 0.4857113361
013920 0.8254736066 0.4857495129 0.8363504410 0.4969490170
013931 0.8945312500 0.5903320312 0.9023437500 0.6020507812
013942 0.1074218750 0.3884550929 0.1236978993 0.4134114683
013942 0.1081445292 0.4141884744 0.1241252422 0.4407499433
000013 0.9038085938 0.4868164062 0.9189453125 0.5024414062
014092 0.5936718583 0.3906250000 0.6183283925 0.4162476659
014215 0.7154931426 0.4895849526 0.7584635019 0.5345068574
014359 0.6560791135 0.4483662248 0.6665437222 0.4584418535
014553 0.7827148438 0.4536132812 0.8144531250 0.4873046875
014553 0.7832031250 0.4941406250 0.8149414062 0.5283203125
014663 0.6074218750 0.4052734375 0.6250000000 0.4223632812
014663 0.7519531250 0.4311523438 0.7626953125 0.4448242188
014663 0.7631835938 0.4316406250 0.7734375000 0.4472656250
014724 0.3743491173 0.4630922973 0.3867497444 0.4754929245
014724 0.8389892578 0.4599916935 0.8517795205 0.4720052183
001507 0.6436767578 0.4565044045 0.6537543535 0.4654172957
001512 0.9559960961 0.4269702137 0.9695798159 0.4421656728
015332 0.9308837652 0.1398437470 0.9925180674 0.1945312470
015332 0.6387060285 0.4336508811 0.6501203775 0.4441881478
015332 0.5857129097 0.4331386685 0.5961678624 0.4439781308
015332 0.4199218750 0.4687500000 0.4307572842 0.4790419936
015375 0.4288173914 0.4568574131 0.4409034550 0.4679764509
015520 0.2431543022 0.4364936650 0.2559777200 0.4522766471
015520 0.2426611334 0.4537563622 0.2569641471 0.4700323641
001556 0.8912743926 0.5501318574 0.9082031250 0.5690103769
015705 0.7599804401 0.3949760795 0.7831838131 0.4191483259
015779 0.3355122209 0.4554067254 0.3475985229 0.4699102640
015779 0.7140527368 0.4152807593 0.7314549685 0.4326848686
015991 0.5724023581 0.3553335071 0.6052753925 0.3901414573
016188 0.0275564454 0.3920751810 0.0468943343 0.4167308509
016275 0.7939453125 0.4765625000 0.8212890625 0.5063476562
001642 0.3925781250 0.3548178673 0.4257812500 0.3873697817
001642 0.4895849526 0.3554687500 0.5221353769 0.3860675693
001642 0.5846337676 0.3561196327 0.6184896231 0.3873697817
016686 0.4344155192 0.4603793919 0.4444909692 0.4723927379
016721 0.8704443574 0.2649741173 0.9179719687 0.3190102577
016813 0.7513037324 0.4563803673 0.7630224824 0.4700520933
016840 0.6235351562 0.4721679688 0.6367187500 0.4838867188
016921 0.2866210938 0.1401367188 0.3706054688 0.2070312500
016921 0.3774414062 0.1303710938 0.4707031250 0.1992187500
017317 0.1103515625 0.4335937500 0.1357421875 0.4667968750
017317 0.1103515625 0.4677734375 0.1386718750 0.5004882812
017370 0.8803710938 0.3789062500 0.9160156250 0.4204101562
017370 0.8803710938 0.4291992188 0.9160156250 0.4697265625
017389 0.4192709923 0.3795571327 0.5078125000 0.4654946327
001747 0.0097656250 0.4108071327 0.0429687500 0.4498697817
001747 0.8255224824 0.4244790077 0.8450521231 0.4635416567
001747 0.3548178673 0.4309897423 0.3730468750 0.4485677183
017483 0.8795556426 0.4941406250 0.8984375000 0.5143228769
017488 0.2508422732 0.3973266482 0.2661611438 0.4145603478
017638 0.9713525176 0.3665366173 0.9980468750 0.3906250000
017722 0.6728515625 0.4199218750 0.7065429688 0.4545898438
017722 0.6738281250 0.4589843750 0.7060546875 0.4936523438
001774 0.3193359375 0.4980468750 0.3286132812 0.5073242188
017857 0.0603168942 0.3197763562 0.0919117704 0.3609451652
017892 0.1232788116 0.3708037138 0.1503519565 0.4002939463
017912 0.1945375949 0.4483662248 0.2038380355 0.4580543041
017912 0.3049819469 0.4479785264 0.3150576651 0.4592168927
017912 0.3503222764 0.4456533194 0.3607856035 0.4584418535
017924 0.6284814477 0.4452543855 0.6371827722 0.4563737214
017968 0.2885742188 0.4916992188 0.2993164062 0.5029296875
017968 0.2880859375 0.5063476562 0.2993164062 0.5180664062
017985 0.7414160371 0.3148129880 0.7780376673 0.3540039062
017985 0.8609179854 0.3302324116 0.8949680924 0.3674958944
018071 0.6406250000 0.4711914062 0.6547851562 0.4853515625
018071 0.6220703125 0.4746093750 0.6333007812 0.4868164062
018071 0.5747070312 0.4736328125 0.5820312500 0.4799804688
018087 0.6472656131 0.4144531190 0.6554687619 0.4238281250
018087 0.6886718869 0.4152343869 0.6968749762 0.4230468869
018192 0.9062500000 0.4088540077 0.9583334923 0.4667968750
018247 0.7454443574 0.3860678673 0.7688802481 0.4108072817
018247 0.8098974824 0.3925781250 0.8307291269 0.4153645933
018247 0.8684912324 0.3984375000 0.8867187500 0.4212239683
018506 0.3616181612 0.4259164929 0.3746712506 0.4384863377
018605 0.2096738219 0.2604165077 0.2374387234 0.3197763562
018639 0.4533247054 0.4563764632 0.4613703191 0.4652543366
018660 0.5182275176 0.2838540077 0.5664062500 0.3294270933
018661 0.7416992188 0.4882812500 0.7587890625 0.5073242188
018678 0.5693359375 0.4433593750 0.5893554688 0.4633789062
018678 0.3129882812 0.4584960938 0.3256835938 0.4731445312
018720 0.3461914062 0.3261718750 0.3793945312 0.3583984375
018720 0.5131835938 0.3198242188 0.5468750000 0.3525390625
018720 0.6958007812 0.3247070312 0.7280273438 0.3593750000
001891 0.6826269627 0.4418701231 0.6922957897 0.4539565444
001891 0.7962353230 0.4471884668 0.8049389124 0.4578241110
001891 0.8324950933 0.4496054649 0.8402305245 0.4602413476
018935 0.0419921875 0.4462890625 0.0502929688 0.4560546875
018935 0.1928710938 0.4335937500 0.2060546875 0.4467773438
018935 0.2065429688 0.4331054688 0.2207031250 0.4462890625
001935 0.1230468750 0.6178368926 0.1334635317 0.6393228769
001935 0.1236977503 0.6386718750 0.1341145933 0.6575521231
019630 0.4858398438 0.3784179688 0.4975585938 0.3896484375
019630 0.5322265625 0.3779296875 0.5434570312 0.3891601562
019630 0.5761718750 0.3769531250 0.5869140625 0.3896484375
019713 0.1743164062 0.4106445312 0.1884765625 0.4277343750
019713 0.4516601562 0.3911132812 0.4755859375 0.4145507812
019713 0.4750976562 0.3901367188 0.5000000000 0.4160156250
019715 0.1528320312 0.4833984375 0.1616210938 0.5009765625
019973 0.6379980445 0.4459204078 0.6483469605 0.4562681019
020015 0.7254883051 0.3880551755 0.7454638481 0.4083806574
020038 0.8564453125 0.3813476562 0.8730468750 0.3984375000
020038 0.9072265625 0.3872070312 0.9218750000 0.4047851562
020038 0.9506835938 0.3925781250 0.9633789062 0.4091796875
020038 0.9897460938 0.3984375000 1.0000000000 0.4140625000
002007 0.1561215818 0.3475790918 0.1728258729 0.3758480549
020351 0.1394169927 0.4047592878 0.1561214775 0.4259611368
000204 0.6103515625 0.4483662248 0.6204271913 0.4603794515
020605 0.6628076434 0.2049814463 0.6879447699 0.2745976448
020670 0.9187256098 0.4856381714 0.9321002364 0.4989162982
020874 0.2248662114 0.4034745991 0.2390008271 0.4208213389
020942 0.5716162324 0.4602866173 0.5872396231 0.4752604067
020942 0.5709618926 0.4772133827 0.5872396231 0.4928385317
020942 0.3951821327 0.5136718750 0.4055989683 0.5240885019
020974 0.1614584923 0.4531250000 0.1790364683 0.4746093750
020986 0.6235351562 0.4184570312 0.6523437500 0.4492187500
020986 0.6000976562 0.4428710938 0.6323242188 0.4731445312
020986 0.6455078125 0.4438476562 0.6743164062 0.4731445312
020986 0.4506835938 0.5004882812 0.4619140625 0.5112304688
021005 0.2473530322 0.3520766497 0.2814041972 0.3867701590
021032 0.7122412324 0.3671875000 0.7324218750 0.3860677183
021032 0.7740868926 0.3717446327 0.7910156250 0.3906250000
021032 0.8294287324 0.3782553673 0.8450521231 0.3958333433
002105 0.7996093631 0.3214843869 0.8339843750 0.3601562381
002105 0.6730468869 0.3132812381 0.7121093869 0.3527343869
002105 0.5324218869 0.3109374940 0.5738281012 0.3519531190
002105 0.3902343810 0.3148437440 0.4300781190 0.3566406369
021126 0.5666650534 0.4651523530 0.5782213211 0.4844258726
021126 0.8834033012 0.4407382905 0.8981805444 0.4587273896
021126 0.0777397454 0.2955385745 0.1098632812 0.3482216895
002126 0.0177850593 0.4724365175 0.0313664079 0.4847242236
002126 0.7081689239 0.4659692347 0.7236909866 0.4827840328
021290 0.6246093512 0.3199218810 0.6445312500 0.3445312381
021290 0.4796875119 0.2980468869 0.5054687262 0.3269531131
021290 0.2738281190 0.2804687619 0.3058593869 0.3121093810
021392 0.3640356362 0.4631420970 0.3824063838 0.4829633236
021529 0.7871093750 0.3818359375 0.8144531250 0.4111328125
021529 0.7080078125 0.3759765625 0.7387695312 0.4091796875
021529 0.3388671875 0.4707031250 0.3618164062 0.4936523438
002170 0.8203125000 0.4916992188 0.8291015625 0.5004882812
002170 0.8198242188 0.5019531250 0.8295898438 0.5126953125
021745 0.5998876691 0.4379028380 0.6068637967 0.4460410774
021840 0.2505654395 0.3148129880 0.2646998465 0.3501490653
021960 0.6064990163 0.4542299807 0.6154918671 0.4638671875
022037 0.6081738472 0.4520229399 0.6163946390 0.4612082541
022069 0.7817382812 0.3881835938 0.8056640625 0.4135742188
022069 0.8544921875 0.3999023438 0.8745117188 0.4252929688
022069 0.9208984375 0.4106445312 0.9394531250 0.4331054688
022212 0.4296875000 0.4980468750 0.4672851562 0.5371093750
022219 0.4100756943 0.4046587050 0.4282665551 0.4276364148
022284 0.7167968750 0.3496093750 0.7467479706 0.3821614683
022286 0.6334814429 0.4979199171 0.6506822109 0.5132560730
022305 0.3732207119 0.4215654433 0.3906250000 0.4384862185
022415 0.6347558498 0.4235624969 0.6491084695 0.4379027486
022576 0.4410034120 0.4654174745 0.4483662248 0.4735553265
022599 0.0865371078 0.4312343895 0.0942722633 0.4438041449
022599 0.4834467769 0.4505722523 0.4906984866 0.4592744708
022599 0.8131591678 0.3944926858 0.8218595386 0.4118966758
022673 0.9023437500 0.4550781250 0.9563803673 0.5273437500
022673 0.9088525176 0.5292968750 0.9615883827 0.6022133827
022696 0.6084228754 0.4805717766 0.6212736368 0.4921360910
002273 0.9212256074 0.2897133827 0.9524739981 0.3261718750
022748 0.6864941120 0.4283339977 0.6995475292 0.4447710514
002298 0.5480468869 0.4585937560 0.5800781250 0.4929687381
002298 0.7773437500 0.4839843810 0.7937499881 0.5027343631
023088 0.6425781250 0.4902343750 0.6606445312 0.5073242188
023088 0.6435546875 0.5107421875 0.6611328125 0.5288085938
002315 0.9003906250 0.4311523438 0.9296875000 0.4672851562
002315 0.9023437500 0.4692382812 0.9311523438 0.5068359375
023170 0.8836914301 0.3743491173 0.9105009437 0.4011565447
023198 0.6822900176 0.5117187500 0.7005208731 0.5299478769
023198 0.6829443574 0.5299462676 0.7005208731 0.5475243926
023320 0.5566406250 0.4726562500 0.5636718869 0.4812499881
023320 0.6515625119 0.4667968750 0.6621093750 0.4773437381
023320 0.7394531369 0.4683593810 0.7500000000 0.4789062440
023651 0.4131015539 0.4088388681 0.4313150942 0.4274398386
023686 0.8463525176 0.2903647423 0.8743489981 0.3235677183
023686 0.9316406250 0.3066406250 0.9550781250 0.3372395933
023991 0.6913037300 0.4323857427 0.7086502910 0.4484477937
024019 0.4835937619 0.4332031310 0.4945312440 0.4437499940
024019 0.5148437619 0.4328125119 0.5253906250 0.4429687560
024019 0.5453125238 0.4320312440 0.5562499762 0.4421874881
024352 0.0410929695 0.4771621227 0.0613977537 0.5008508563
024425 0.8068749905 0.3780551851 0.8320119381 0.4036780894
002443 0.0234375000 0.4692382812 0.0698242188 0.5214843750
024448 0.6967773438 0.4306640625 0.7358398438 0.4746093750
024448 0.7373046875 0.4350585938 0.7734375000 0.4804687500
024550 0.3514848650 0.4193017483 0.3693111241 0.4363529384
024747 0.8750293255 0.4212392569 0.8889818788 0.4398406744
024764 0.1243955046 0.4704550803 0.1340835989 0.4886687994
024804 0.4570312500 0.4511718750 0.4663085938 0.4624023438
024804 0.1562500000 0.4425781369 0.1613281220 0.4542968869
025091 0.5843750238 0.4636718631 0.6082031131 0.4867187440
025226 0.4212241173 0.4628906250 0.4388020933 0.4811197817
025271 0.6770849824 0.4687500000 0.6979166269 0.4889322817
025332 0.3580727577 0.4453125000 0.3828125000 0.4713541567
025510 0.8846874833 0.4439506829 0.9129561782 0.5130829811
025579 0.2596108317 0.4056118131 0.2663792074 0.4225324690
002560 0.8842773438 0.4062500000 0.9023437500 0.4262695312
002560 0.8833007812 0.4272460938 0.9008789062 0.4477539062
002569 0.2163754851 0.3437119126 0.2489276826 0.3781786263
025722 0.3207031190 0.2855468690 0.3503906131 0.3132812381
025722 0.7007812262 0.3000000119 0.7261718512 0.3269531131
025839 0.8967919946 0.4418701231 0.9083964825 0.4534730911
025839 0.9369189739 0.4452543855 0.9461053610 0.4578241110
025883 0.8255810738 0.3976923823 0.8377878666 0.4150390625
002591 0.7343750000 0.4335937500 0.7451171875 0.4423828125
002591 0.7338867188 0.4423828125 0.7436523438 0.4526367188
002604 0.5605468750 0.4628906250 0.5679687262 0.4699218869
026065 0.5812890530 0.4565044045 0.5882647038 0.4646422267
026112 0.6372070312 0.4736328125 0.6699218750 0.5068359375
026127 0.7060546875 0.4643554688 0.7148437500 0.4746093750
026127 0.7065429688 0.4765625000 0.7143554688 0.4853515625
026176 0.8224170208 0.3149892688 0.8932675719 0.3973266482
026234 0.1025390625 0.4355468750 0.1240234375 0.4628906250
026234 0.8031250238 0.4820312560 0.8078125119 0.4878906310
026325 0.7484814525 0.3970498145 0.7696854472 0.4176089764
026582 0.4310454130 0.4611186385 0.4410699606 0.4721129835
026615 0.9815576077 0.4896679819 0.9995885491 0.5146372318
026628 0.5058593750 0.4941406250 0.5240885019 0.5117187500
002666 0.2958408296 0.2527573109 0.3360523880 0.2939261794
027121 0.7312499881 0.4312500060 0.7832031250 0.5347656012
027179 0.1799936593 0.4183901250 0.2182904333 0.4873237312
027234 0.3441220820 0.4873237312 0.3584608436 0.5016850829
027237 0.1323501021 0.4389697313 0.1394171417 0.4539565444
027237 0.4462212026 0.4439506829 0.4567997158 0.4544399977
002736 0.7768554688 0.4477539062 0.7856445312 0.4580078125
002736 0.5961914062 0.4584960938 0.6030273438 0.4653320312
027505 0.2256455123 0.4673974514 0.2340915054 0.4773446918
027505 0.0998334959 0.4603364170 0.1130742654 0.4726231992
027505 0.0937500000 0.4679687619 0.0988281220 0.4746093750
027865 0.6235253811 0.4293774366 0.6394159198 0.4452660084
027865 0.6739062667 0.4320903420 0.6874690056 0.4456535280
027969 0.6264648438 0.5048828125 0.6411132812 0.5195312500
027969 0.6269531250 0.5224609375 0.6406250000 0.5361328125
027983 0.7167968750 0.2200522423 0.7760415077 0.2766928673
028040 0.4147133827 0.3938803673 0.4342447817 0.4134114683
028040 0.5065087676 0.3899741173 0.5260416269 0.4101562500
028218 0.8154296875 0.3950195312 0.8847656250 0.4765625000
028218 0.8168945312 0.4843750000 0.8862304688 0.5625000000
028229 0.3789062500 0.3580727577 0.3990885317 0.3776041567
028229 0.5110693574 0.3580727577 0.5312500000 0.3789062500
028320 0.3546464741 0.4632246196 0.3681383729 0.4760742188
028351 0.8411474824 0.4934912026 0.8619791269 0.5169271231
028592 0.6308984160 0.4389697313 0.6415347457 0.4500889778
028617 0.9153662324 0.2698569298 0.9332681894 0.2884116173
028763 0.0569663085 0.4022509754 0.0716920868 0.4208519459
028763 0.3483847678 0.4224018455 0.3623352945 0.4390652478
028763 0.4022509754 0.4227895439 0.4173642099 0.4386780858
028808 0.3876953125 0.4965820312 0.3959960938 0.5058593750
028808 0.5981445312 0.4487304688 0.6142578125 0.4663085938
028808 0.5869140625 0.4653320312 0.6030273438 0.4814453125
028808 0.6098632812 0.4648437500 0.6264648438 0.4829101562
029002 0.6748632789 0.4281352460 0.6903844476 0.4430101514
029123 0.7394872904 0.3777754009 0.7561934590 0.3976922333
002915 0.3790605366 0.4233911037 0.3944798410 0.4407380819
029175 0.6743212938 0.4145478606 0.6944292188 0.4336962402
029297 0.4644531310 0.5124999881 0.4867187440 0.5359374881
029297 0.5269531012 0.5113281012 0.5507812500 0.5363281369
029297 0.4109374881 0.4746093750 0.4183593690 0.4820312560
029297 0.4828124940 0.4753906131 0.4890624881 0.4828124940
029363 0.6302099824 0.4736328125 0.6481119394 0.4925130308
029363 0.7952490449 0.4882812500 0.8079443574 0.5013004541
029389 0.2534179688 0.3115234375 0.2895507812 0.3486328125
029491 0.7265625000 0.4244790077 0.7486978769 0.4459633827
029491 0.7278662324 0.4498696327 0.7493489981 0.4726562500
029491 0.7285156250 0.4765625000 0.7519531250 0.4993485212
029507 0.4297651350 0.4510791004 0.4379030168 0.4599919319
029550 0.6463916302 0.4413906336 0.6580170989 0.4541790485
029597 0.0815429688 0.4863281250 0.0971679688 0.5097656250
029597 0.0791015625 0.5146484375 0.0952148438 0.5375976562
029597 0.9770507812 0.4858398438 0.9843750000 0.4946289062
029597 0.9785156250 0.5146484375 0.9843750000 0.5209960938
029614 0.6103515625 0.4936523438 0.6342773438 0.5180664062
029849 0.7729492188 0.4394531250 0.7851562500 0.4516601562
029849 0.7392578125 0.4780273438 0.7519531250 0.4897460938
029849 0.6157226562 0.4833984375 0.6210937500 0.4902343750
029998 0.6627587676 0.4010415077 0.6803385019 0.4192708433
029998 0.7115868926 0.4029946327 0.7285156250 0.4212239683
029998 0.7578125000 0.4062500000 0.7727864981 0.4225260317
029998 0.7994775176 0.4088540077 0.8151041269 0.4270833433
000002 0.6332031488 0.3757812381 0.6562500000 0.4015625119
000002 0.5160156488 0.3773437440 0.5394531488 0.4011718631
000002 0.4124999940 0.3792968690 0.4363281131 0.4035156369
030029 0.6479394436 0.4355776310 0.6611137986 0.4491412640
030178 0.6386474371 0.4206977487 0.6561077237 0.4388063848
030178 0.7075244188 0.4232846797 0.7246867418 0.4384829998
030205 0.6660156250 0.4563803673 0.6868489981 0.4759114683
030205 0.7154931426 0.5143212676 0.7265625000 0.5253906250
030649 0.0415764153 0.3113398552 0.0725170374 0.3548499644
030649 0.9161328077 0.4447709918 0.9248337150 0.4549234509
030766 0.0501215830 0.4368833005 0.0633800328 0.4494774342
030766 0.0006424756 0.4378364384 0.0113177681 0.4540046751
030838 0.4335937500 0.4096679688 0.4536132812 0.4287109375
030838 0.4868164062 0.4072265625 0.5053710938 0.4262695312
030838 0.5380859375 0.4067382812 0.5581054688 0.4257812500
031005 0.1394169927 0.3154555559 0.1728258729 0.3552891016
031445 0.3563002944 0.4375195205 0.3650023341 0.4462213814
031516 0.0434027836 0.4332529306 0.0546410158 0.4483662248
031602 0.3427636623 0.4162475467 0.3616182208 0.4365523458
031641 0.6054687500 0.5162743926 0.6152343750 0.5260416269
031728 0.4311523438 0.3730468750 0.4550781250 0.3969726562
031728 0.5083007812 0.3720703125 0.5332031250 0.3964843750
031728 0.5830078125 0.3725585938 0.6074218750 0.3964843750
031728 0.6596679688 0.3740234375 0.6831054688 0.3979492188
003174 0.0742187500 0.3391928673 0.0976562500 0.3776041567
003174 0.1458334923 0.3639321327 0.1640622020 0.3945308030
031755 0.5136718750 0.4856772423 0.5384114981 0.5104166269
031765 0.3840371072 0.4282148480 0.4007010758 0.4433283806
031779 0.7643212676 0.4824218750 0.7773437500 0.4967447817
031779 0.7649756074 0.4967431724 0.7786458731 0.5084635019
031801 0.3843750060 0.2976562381 0.4230468869 0.3339843750
031801 0.5144531131 0.2941406369 0.5542968512 0.3296875060
031801 0.6390625238 0.2941406369 0.6773437262 0.3304687440
031990 0.1058593765 0.4511718750 0.1144531220 0.4625000060
031998 0.2025639713 0.4655590951 0.2122332007 0.4800626338
032067 0.2823330164 0.4186650515 0.2944190800 0.4317179620
032097 0.8442138433 0.2261513621 0.8776212931 0.3000361323
000321 0.4404296875 0.4765625000 0.4531250000 0.4902343750
000321 0.8774414062 0.4921875000 0.8891601562 0.5078125000
032277 0.9335351586 0.2257695347 0.9760790467 0.2891010642
032356 0.3715463877 0.4310454130 0.3877146840 0.4468905330
032521 0.7044287324 0.4153647423 0.7187500000 0.4335937500
032521 0.7506493926 0.4186196327 0.7643228769 0.4361979067
003299 0.8134765625 0.4858398438 0.8261718750 0.4985351562
033075 0.8830664158 0.4450019598 0.8920242786 0.4549893439
033106 0.4718750119 0.4148437381 0.4895859957 0.4322558939
033106 0.5375488400 0.4154599607 0.5559598207 0.4329497218
033106 0.5949218869 0.4175781310 0.6107166409 0.4341139793
033292 0.7197265625 0.4829101562 0.7436523438 0.5092773438
033292 0.7197265625 0.5136718750 0.7431640625 0.5395507812
033714 0.8510742188 0.5200195312 0.8720703125 0.5444335938
033768 0.6826269627 0.4293007851 0.6961633563 0.4452545047
033887 0.9804150462 0.4471625984 0.9881270528 0.4593698680
033902 0.7465575933 0.4150390625 0.7658306360 0.4343133271
033967 0.5927734375 0.4907226562 0.6005859375 0.4990234375
034063 0.1582031250 0.4218750000 0.1787109375 0.4492187500
003448 0.6705712676 0.4632163048 0.6848958731 0.4785156250
003448 0.7988281250 0.4723305702 0.8082681894 0.4824218750
034548 0.6690429449 0.4201787114 0.6787437797 0.4333091676
003457 0.3829155266 0.3906250000 0.4002621174 0.4097732902
034605 0.6922948956 0.4196318388 0.7096998692 0.4399365783
034626 0.5831835866 0.4688925743 0.6078352928 0.4935447276
034636 0.8785156012 0.4515624940 0.9207031131 0.5285156369
034665 0.6115624905 0.4520229399 0.6197787523 0.4626585841
034711 0.4196318388 0.4486386776 0.4312345088 0.4597579241
034771 0.2832031250 0.4746093750 0.3105468750 0.5006510019
034867 0.2584633827 0.4570312500 0.3066406250 0.5084633827
034867 0.7018212676 0.4876303673 0.7141927481 0.4986979067
034867 0.7011718750 0.5000000000 0.7135416269 0.5130208731
034962 0.6860107183 0.4413867295 0.6966468096 0.4534730911
034962 0.7135693431 0.4428374171 0.7261370420 0.4558903277
035034 0.7861328125 0.4723564386 0.8020386696 0.4890853167
035059 0.6645507812 0.4633789062 0.6962890625 0.4941406250
035059 0.6669921875 0.4941406250 0.6977539062 0.5258789062
035089 0.8622412086 0.4100014567 0.8808438778 0.4309275746
035157 0.7812500000 0.4529453218 0.7992392778 0.4728618562
035161 0.7691406012 0.3867187500 0.7835937738 0.4023437500
035161 0.8152343631 0.3898437619 0.8285156488 0.4050781131
035161 0.8585937619 0.3937500119 0.8718749881 0.4082031250
035404 0.5195312500 0.4342446327 0.5761718750 0.4902343750
035419 0.8159424067 0.4529453218 0.8493524194 0.4869962931
035551 0.8214599490 0.4863662124 0.8371453881 0.5024157166
035648 0.7860351801 0.4021137655 0.8042279482 0.4375382960
035743 0.7812500000 0.3838569224 0.8049389124 0.4109297991
035824 0.6313476562 0.4921875000 0.6416015625 0.5034179688
035857 0.6708984375 0.4526367188 0.7084960938 0.4916992188
035857 0.6718750000 0.4926757812 0.7104492188 0.5312500000
035984 0.9804687500 0.4663085938 0.9892578125 0.4750976562
035984 0.9809570312 0.4770507812 0.9897460938 0.4858398438
036046 0.2177993208 0.2441406250 0.2640573680 0.2878282368
036091 0.1790366173 0.2695312500 0.2024739683 0.3105468750
036091 0.2402343750 0.3046875000 0.2578125000 0.3404947817
036091 0.2845053673 0.3333334923 0.2981770933 0.3639322817
036167 0.6914062500 0.3665366173 0.7102864981 0.3860677183
036167 0.7460937500 0.3691406250 0.7636718750 0.3880208433
036167 0.7981787324 0.3730468750 0.8151041269 0.3919270933
036180 0.6796875000 0.3756508827 0.6979166269 0.3932291567
036180 0.7324218750 0.3782553673 0.7480468750 0.3984375000
036180 0.7812500000 0.3828125000 0.7962239981 0.3990885317
036185 0.6574853659 0.3795058727 0.6816599369 0.4056118727
036185 0.7425732613 0.3848237395 0.7652962208 0.4089964926
036412 0.1567641646 0.5081982613 0.1644736826 0.5345394611
036412 0.6219140887 0.5004882812 0.6366910338 0.5268297791
036465 0.4694160223 0.4496054649 0.4777388275 0.4591508210
036477 0.9370068312 0.5474511981 0.9695049524 0.5792903304
036546 0.8884814382 0.3389247954 0.9152879715 0.3724341393
036550 0.4224018455 0.4518539906 0.4317026436 0.4615420401
036685 0.7070312500 0.4785156250 0.7250976562 0.4975585938
003668 0.6499023438 0.3916015625 0.6845703125 0.4272460938
003668 0.6503906250 0.4267578125 0.6845703125 0.4609375000
036786 0.0084635252 0.3450522423 0.0325521007 0.3776041567
036786 0.0813803747 0.3639321327 0.1002603993 0.3932291567
036786 0.1393227577 0.3789062500 0.1549479067 0.4049479067
036857 0.4203745127 0.4423632920 0.4307222664 0.4530344605
003691 0.7818993926 0.4658203125 0.7958968282 0.4811197817
003691 0.8759765625 0.4355468750 0.8896484375 0.4505208433
036945 0.2306484431 0.1137182638 0.2685546875 0.1953125000
036945 0.3238076270 0.2165141553 0.3437243104 0.2756220698
036966 0.7845068574 0.4869790077 0.8027343750 0.5058593750
036966 0.7845068574 0.5065087676 0.8020833731 0.5227848887
037039 0.7414062619 0.2500000000 0.7859374881 0.2921875119
037039 0.5324218869 0.2382812500 0.5820312500 0.2824218869
037039 0.3109374940 0.2488281280 0.3609375060 0.2941406369
037040 0.2210117131 0.3501489162 0.2512078583 0.3854852021
037104 0.4658203125 0.4838867188 0.4843750000 0.5034179688
037113 0.4481552839 0.4317177832 0.4607248008 0.4418703616
037124 0.9350585938 0.3100585938 0.9990234375 0.3945312500
037124 0.3315429688 0.5000000000 0.3481445312 0.5185546875
037172 0.4280131757 0.3772319257 0.4514507353 0.3998325765
037172 0.4944189489 0.3755581081 0.5181354880 0.3987165093
037172 0.5622217059 0.3750000000 0.5851011276 0.3984375000
037451 0.6679687500 0.3820312619 0.6843749881 0.3980468810
037451 0.7179687619 0.3816406131 0.7339843512 0.3984375000
037451 0.7664062381 0.3828125000 0.7816406488 0.3984375000
037460 0.7348632812 0.4965820312 0.7514648438 0.5156250000
037460 0.2968750000 0.5058593750 0.3154296875 0.5244140625
037727 0.4176088870 0.3886977434 0.4381681681 0.4118267000
037789 0.1798115224 0.4499165118 0.1918247491 0.4626585841
037789 0.3770615160 0.4778178632 0.3851996660 0.4863435924
037789 0.3774492145 0.4878935516 0.3859747052 0.4960317314
038030 0.3949760795 0.4496054649 0.4109297991 0.4655592144
038053 0.8537158370 0.5917529464 0.8719312549 0.6122891903
038062 0.1715463847 0.5438085794 0.1868863702 0.5604431629
038142 0.4116210938 0.3896484375 0.4291992188 0.4067382812
038199 0.1406250000 0.4506835938 0.1586914062 0.4868164062
038199 0.1411132812 0.4873046875 0.1586914062 0.5234375000
038365 0.2843520641 0.2269072235 0.3073299825 0.2795649469
038527 0.7475585938 0.4707031250 0.7558593750 0.4946289062
038731 0.4503749907 0.4400956929 0.4600123465 0.4529451132
038731 0.9335156083 0.3527187407 0.9508634806 0.3790604472
038747 0.3128906190 0.4675781131 0.3214843869 0.4765625000
038747 0.3835937381 0.4699218869 0.3953124881 0.4820312560
039248 0.4462212026 0.4326850474 0.4703936875 0.4641088843
039338 0.1020507812 0.3925781250 0.1166992188 0.4165039062
039338 0.1303710938 0.4956054688 0.1362304688 0.5014648438
039338 0.6728515625 0.4868164062 0.6840820312 0.4985351562
039382 0.7195312381 0.4287109375 0.7535156012 0.4648437500
039382 0.7172851562 0.4667968750 0.7485351562 0.4995117188
039591 0.6553027630 0.4332529306 0.6665426493 0.4464285672
039610 0.9519531131 0.4832031131 0.9597656131 0.4929687381
039762 0.6806933880 0.4234995246 0.6961633563 0.4394531250
039762 0.8150928020 0.4389697313 0.8262105584 0.4515393078
039762 0.8503808379 0.4399365187 0.8624610901 0.4520231485
039993 0.6507177949 0.4355854392 0.6642511487 0.4496055245
039993 0.7701318264 0.4481552839 0.7788327932 0.4583075643
039993 0.8015527129 0.4476718605 0.8112236857 0.4592744708
040008 0.0891538113 0.5606738329 0.0986279771 0.5745199919
004001 0.7903662324 0.4277343750 0.8138021231 0.4641927183
040022 0.8630175591 0.4371279180 0.8727058768 0.4487537146
040022 0.9459472895 0.4456533194 0.9544735551 0.4565041959
040022 0.9769482613 0.4487538934 0.9858588576 0.4572793841
040043 0.6591796875 0.4227485359 0.6733141541 0.4343133271
040087 0.0043945312 0.4238281250 0.0170898438 0.4404296875
040168 0.3646606505 0.4297651350 0.3782242239 0.4429408610
040168 0.4123261571 0.4282148480 0.4278273880 0.4425533116
040179 0.5312890410 0.4510791004 0.5417488813 0.4599919319
040402 0.0989584997 0.4518227577 0.1419270933 0.5143227577
040428 0.8467822075 0.4458779395 0.8834033012 0.4869961441
040486 0.4423828125 0.4228515625 0.4589843750 0.4379882812
040588 0.0986328125 0.3920898438 0.1079101562 0.4082031250
040588 0.3134765625 0.3637695312 0.3344726562 0.3872070312
040588 0.3349609375 0.3623046875 0.3530273438 0.3857421875
040839 0.6523437500 0.4468750060 0.6902343631 0.4843750000
040879 0.3784179688 0.3920898438 0.3989257812 0.4135742188
040879 0.7128906250 0.3901367188 0.7309570312 0.4101562500
040879 0.7329101562 0.3901367188 0.7519531250 0.4116210938
040890 0.6357324123 0.4447709918 0.6439511180 0.4529896379
040995 0.2285156250 0.2669272423 0.2747394443 0.3125000000
040995 0.4498696327 0.2447915077 0.5039062500 0.2916666567
041052 0.3098891675 0.3882080019 0.3321279287 0.4089959860
041097 0.6359277368 0.3836494088 0.6603422761 0.4088386595
041097 0.7870605588 0.4379028380 0.8006262183 0.4510788620
041097 0.7862890363 0.4510791004 0.7998511791 0.4638671875
041137 0.6260351539 0.4436567426 0.6367058158 0.4540045261
041139 0.6835937500 0.4243398309 0.6963821054 0.4371279776
041274 0.0603925772 0.3180253804 0.0880191401 0.3578587472
041321 0.7309570312 0.4926757812 0.7485351562 0.5107421875
041372 0.7951366901 0.4756205976 0.8214824796 0.5050779581
041372 0.6409179568 0.4820869267 0.6496293545 0.4922650456
041372 0.7121875286 0.4800781310 0.7211975455 0.4891537726
041372 0.5442431569 0.4876948297 0.5500176549 0.4941419959
041462 0.4644531310 0.4859375060 0.4703125060 0.4914062619
041568 0.6118164062 0.4907226562 0.6279296875 0.5097656250
041626 0.3906250000 0.4312343895 0.4041615129 0.4486386180
041747 0.2675781250 0.4641928673 0.2786458433 0.4824218750
041889 0.8281250000 0.4570312500 0.8378906250 0.4778645933
041895 0.2117187530 0.4722656310 0.2246093750 0.4855468869
041959 0.9560546875 0.4892578125 0.9731445312 0.5053710938
041963 0.4609375000 0.4342446327 0.4739583433 0.4472656250
041963 0.5097656250 0.4329428673 0.5240885019 0.4459635317
041963 0.5585937500 0.4316406250 0.5729166269 0.4459635317
042060 0.0449528806 0.4231772423 0.0561911128 0.4398408234
042293 0.4398408234 0.4472036064 0.4514664114 0.4588293433
042329 0.3808593750 0.4960937500 0.3901367188 0.5039062500
042332 0.6393212676 0.4407553673 0.6712239981 0.4908852577
004233 0.0164372064 0.3224589825 0.0459274426 0.3654857874
042515 0.6660156250 0.4521484375 0.6787109375 0.4648437500
042515 0.8051757812 0.4628906250 0.8144531250 0.4736328125
042515 0.8144531250 0.4633789062 0.8242187500 0.4741210938
004256 0.5434570312 0.4013671875 0.5639648438 0.4223632812
004256 0.8813476562 0.3964843750 0.8999023438 0.4165039062
004256 0.9018554688 0.3974609375 0.9194335938 0.4169921875
042804 0.7114257812 0.4594726562 0.7294921875 0.4750976562
042877 0.9114599824 0.4830727577 0.9212239981 0.5032552481
042881 0.5678710938 0.4624023438 0.5795898438 0.4746093750
042881 0.5678710938 0.4775390625 0.5795898438 0.4902343750
043074 0.2412685603 0.4595586061 0.2623314857 0.4796645045
004323 0.0299736820 0.4776455164 0.0449605472 0.4931157231
004323 0.7227538824 0.4641088843 0.7367728949 0.4844136834
043248 0.6227539182 0.4344155192 0.6355406642 0.4483662248
043248 0.7638134956 0.4355776310 0.7765997052 0.4483662248
043326 0.4726562500 0.4117187560 0.4875000119 0.4269531369
043326 0.5167968869 0.4109374881 0.5316406488 0.4253906310
043326 0.5593749881 0.4101562500 0.5757812262 0.4246093631
043479 0.0087020509 0.4428374171 0.0178875495 0.4539565444
043598 0.4089961052 0.4346186519 0.4239827991 0.4496055245
043792 0.2924804688 0.2548828125 0.3129882812 0.3071289062
043833 0.0364583507 0.2356772423 0.0677083507 0.2799479067
043833 0.1217446253 0.2753906250 0.1438802183 0.3144531250
043833 0.1809897423 0.3066406250 0.1979166567 0.3398438990
043852 0.6100243926 0.2539062500 0.6614555717 0.3033852577
043929 0.8872070312 0.4799804688 0.8984375000 0.4926757812
044027 0.0229779296 0.3140317500 0.0459558591 0.3484987915
004407 0.5390234590 0.4174326062 0.5562576652 0.4384956956
044170 0.6315527558 0.3867700100 0.6668894291 0.4426655173
044244 0.7583007812 0.4726562500 0.8012695312 0.5205078125
044480 0.6432909966 0.4456533194 0.6533668041 0.4565041959
044600 0.3101069331 0.3657324314 0.3440604508 0.3982843161
044680 0.6148486137 0.4465205073 0.6244860291 0.4580849111
044758 0.3492343724 0.4216679633 0.3654025495 0.4391297400
044758 0.3922416866 0.4197280407 0.4109970629 0.4384829998
004481 0.9037988186 0.4586015642 0.9191176295 0.4787071347
044883 0.6138378978 0.4518539906 0.6250774860 0.4619295299
044980 0.6730517745 0.4339042902 0.6852583289 0.4461115301
044983 0.7942724824 0.3268227577 0.8216146231 0.3554687500
044983 0.8736962676 0.3359375000 0.8964843750 0.3626302183
044983 0.9420556426 0.3463540077 0.9622396231 0.3710936010
045154 0.3081669807 0.5167382956 0.3220721781 0.5299953818
045259 0.8938915730 0.4249497056 0.9050123692 0.4409034550
045259 0.9432031512 0.4307509661 0.9538404942 0.4447710514
045290 0.7875341773 0.4409033060 0.7976872325 0.4534730911
045290 0.8895410299 0.4491220713 0.8996945024 0.4592744708
045290 0.9230859280 0.4510556757 0.9325699806 0.4631419778
004541 0.8175097704 0.5013329983 0.8469987512 0.5332418084
045495 0.4002939463 0.4389697313 0.4128630459 0.4525062144
045777 0.8227148652 0.3913998902 0.8463541269 0.4154266119
045793 0.8237304688 0.4858398438 0.8378906250 0.5019531250
045793 0.8232421875 0.5053710938 0.8378906250 0.5224609375
046120 0.4036782086 0.4447709918 0.4162476659 0.4583075643
046127 0.6040039062 0.0522460938 0.7172851562 0.1367187500
046163 0.3766743243 0.4309277236 0.3906250000 0.4429408610
046204 0.6279980540 0.4476718605 0.6396000981 0.4592744708
004620 0.6192968488 0.4384863377 0.6328318119 0.4525062144
046266 0.6435546875 0.4645180702 0.6585286856 0.4814453125
046278 0.4621093869 0.4148437381 0.4773437381 0.4300781190
046278 0.5097656250 0.4144531190 0.5249999762 0.4292968810
046278 0.5554687381 0.4132812619 0.5710937381 0.4292968810
046324 0.9361962676 0.4505209923 0.9733072519 0.5019531250
046346 0.8262012005 0.4856943488 0.8358998299 0.5002458692
046459 0.8176318407 0.3552006781 0.8453967571 0.3877527416
046473 0.3465839922 0.4001992047 0.3676470816 0.4241345227
046506 0.7889599800 0.4330283105 0.7998818159 0.4497327209
046601 0.3470053673 0.4837241173 0.3652343750 0.5019531250
046674 0.7011718750 0.4702148438 0.7231445312 0.4926757812
046674 0.7031250000 0.5019531250 0.7246093750 0.5253906250
046674 0.3603515625 0.5092773438 0.3691406250 0.5185546875
046746 0.9431542754 0.2300063521 0.9836297631 0.2923261821
046904 0.9124169946 0.3494560421 0.9363511205 0.3733915389
046949 0.4713608325 0.4099628925 0.4937065840 0.4305400252
046960 0.7378466725 0.4185268581 0.7522432208 0.4324776828
046960 0.9102978706 0.4328652322 0.9203714132 0.4475911558
046960 0.9455615282 0.4363530278 0.9556362033 0.4500889778
047057 0.9459228516 0.3322226703 0.9746476412 0.3676470816
004710 0.1002602503 0.0286458489 0.2115883827 0.1100237817
004710 0.4902343750 0.0000000000 0.6367187500 0.0664062500
004710 0.8535156250 0.0611977540 0.9485678673 0.1451821327
047192 0.3969096541 0.4810297787 0.4128635824 0.4964998662
047234 0.9459618926 0.4251303673 0.9602864981 0.4423828125
047234 0.9606103301 0.4583334923 0.9798177481 0.4827474058
047240 0.5084326267 0.4406157136 0.5196707249 0.4537915587
047240 0.5460205078 0.4406157136 0.5591983199 0.4557291567
047259 0.0415764153 0.4833984375 0.0521828607 0.4950498641
004731 0.6226562262 0.4394531250 0.6906250119 0.5070312619
047467 0.6166992188 0.4824218750 0.6318359375 0.4985351562
047556 0.6782226562 0.4663085938 0.6899414062 0.4799804688
047556 0.6777343750 0.4790039062 0.6904296875 0.4916992188
047768 0.1647133827 0.3014321327 0.2005208433 0.3391927183
047768 0.3294272423 0.2753906250 0.3750000000 0.3157550693
047768 0.5416650176 0.2649741173 0.5885416269 0.3059895933
047768 0.7246093750 0.2734375000 0.7669271231 0.3125000000
000478 0.4535874128 0.4407387674 0.4632244110 0.4535876811
047910 0.4201152325 0.4452543855 0.4331683218 0.4602413476
048010 0.9422851801 0.4472138584 0.9510166645 0.4578849077
048010 0.9827050567 0.4443037212 0.9933775067 0.4562681019
048019 0.6656054854 0.4882812500 0.6778115034 0.5030581951
048103 0.6376953125 0.4609375000 0.6494140625 0.4741210938
048103 0.6367187500 0.4746093750 0.6479492188 0.4877929688
048260 0.4720053673 0.4199218750 0.4843750000 0.4322916567
048260 0.5110693574 0.4186196327 0.5234375000 0.4309895933
048260 0.5501318574 0.4179687500 0.5631510019 0.4303385317
048397 0.6648437381 0.4902343750 0.6761718988 0.5011718869
048397 0.8855468631 0.4894531369 0.9027343988 0.5066406131
048435 0.1102260724 0.3084389567 0.1508353949 0.3543659747
048540 0.8088085651 0.3891748190 0.8310450315 0.4152807593
004863 0.9773388505 0.4553417861 0.9862506390 0.4665801227
048857 0.4175781310 0.0957031250 0.5205107331 0.1754013598
048869 0.4035156369 0.3027343750 0.4433593750 0.3406249881
048869 0.5519531369 0.3035156131 0.5914062262 0.3417968750
048869 0.6944238544 0.3162934482 0.7312499285 0.3540533781
048965 0.7250586152 0.4018632770 0.7428850532 0.4208519459
049013 0.0925166011 0.4497328997 0.1021535620 0.4638671875
049013 0.0931586921 0.4638671875 0.1021535620 0.4792863727
004902 0.0390625000 0.4522216916 0.0449218750 0.4609375000
004902 0.9148437381 0.4519531131 0.9214843512 0.4601562619
049049 0.8808593750 0.3132812381 0.9003906250 0.3347656131
049049 0.9664062262 0.3277343810 0.9816406369 0.3476562500
049054 0.6889111400 0.4573408067 0.7014812827 0.4718440473
049124 0.3964262605 0.4718442261 0.4065780640 0.4824798703
004918 0.4233398438 0.4165039062 0.4370117188 0.4311523438
004918 0.6894531250 0.3911132812 0.7070312500 0.4106445312
004918 0.7084960938 0.3925781250 0.7260742188 0.4121093750
049248 0.4341821373 0.4346782267 0.4474988282 0.4455567300
049324 0.3880209923 0.3658852577 0.4134114683 0.3899739683
049324 0.4837241173 0.3658852577 0.5091147423 0.3919270933
049324 0.5768212676 0.3697915077 0.6028614044 0.3938802183
049478 0.6049267650 0.4545664191 0.6142268181 0.4630921483
049490 0.1488642544 0.4237797856 0.1939912587 0.4950478375
049551 0.2257812470 0.4632812440 0.2457031310 0.4828124940
049763 0.3920751810 0.4399365187 0.4056118727 0.4539565444
004997 0.6848974824 0.3821616173 0.7037760019 0.4010416567
004997 0.7363281250 0.3854165077 0.7552083731 0.4055989683
004997 0.7851562500 0.3893227577 0.8014322519 0.4075517952
049997 0.9177929759 0.4498266578 0.9369525313 0.4746076763
050116 0.6595068574 0.4342446327 0.6894531250 0.4635416567
050248 0.6903613210 0.4365522563 0.7043820024 0.4510558546
050345 0.4293007851 0.4583076239 0.4365524352 0.4679763615
050473 0.5114843845 0.4104462862 0.5308245420 0.4317179620
050473 0.5767529011 0.4099628925 0.5970568061 0.4312345088
000505 0.8144531250 0.4882812500 0.8305664062 0.5078125000
000505 0.0170898438 0.4228515625 0.0375976562 0.4492187500
000505 0.0375976562 0.4228515625 0.0566406250 0.4497070312
050648 0.6969384551 0.4589843750 0.7148437500 0.4755857885
050648 0.8395214677 0.4700522423 0.8505875468 0.4807944298
050732 0.1284951121 0.3949760795 0.1484118104 0.4163234830
050739 0.3561196327 0.3111977577 0.3990885317 0.3515625000
050739 0.5136718750 0.3040366173 0.5598958731 0.3444010317
050739 0.6744775176 0.3066406250 0.7161458731 0.3457031250
050756 0.0742187500 0.5208349824 0.1093750000 0.5618489981
050756 0.6477881074 0.5045556426 0.6614583731 0.5162760019
050756 0.6477881074 0.5169287324 0.6608088613 0.5286458731
050937 0.4892382920 0.3427543938 0.5093443990 0.4021137655
051031 0.1586914062 0.2794765532 0.2120170891 0.3302324116
051071 0.4320312440 0.3730468750 0.4566406310 0.3968749940
051071 0.5085937381 0.3722656369 0.5332031250 0.3953124881
051071 0.5824218988 0.3710937500 0.6070312262 0.3945312500
051290 0.3176245093 0.3915917873 0.3393796384 0.4172145426
051290 0.6961621046 0.3935258687 0.7203357220 0.4162476659
051290 0.7831835747 0.3959428668 0.8044554591 0.4176979959
051306 0.4589843750 0.4169921875 0.4721679688 0.4306640625
051306 0.5004882812 0.4184570312 0.5131835938 0.4316406250
051306 0.5410156250 0.4208984375 0.5546875000 0.4335937500
051434 0.0850864276 0.4143139720 0.0976562500 0.4331683218
051434 0.1348818392 0.4230161011 0.1464843750 0.4399365783
000514 0.4453125000 0.4114584923 0.4635416567 0.4303385317
000514 0.5156250000 0.4108071327 0.5351562500 0.4283854067
000514 0.5950537324 0.4095053673 0.6145833731 0.4270833433
000514 0.6666650176 0.4095053673 0.6848958731 0.4270833433
051564 0.0592446290 0.4648437500 0.0930988267 0.5071614981
051633 0.0931586921 0.4664370120 0.1342760324 0.5242597461
051886 0.4793681502 0.4599916935 0.4878937006 0.4677424431
052075 0.3527187407 0.4233911037 0.3694233000 0.4413805604
052207 0.8847656250 0.4941406250 0.8901367188 0.5009765625
052207 0.8911132812 0.4946289062 0.8974609375 0.5009765625
052211 0.1091450229 0.4375751913 0.1389721185 0.4662607312
052281 0.8682714701 0.3379291892 0.8982441425 0.3761215806
052429 0.5922851562 0.4692382812 0.6064453125 0.4829101562
052429 0.8437500000 0.4257812500 0.8593750000 0.4443359375
052497 0.2112661153 0.3427636623 0.2455909699 0.3766050339
052667 0.6921874881 0.3878906369 0.7070312500 0.4031249881
052667 0.7363281250 0.3902343810 0.7519531250 0.4054687619
052667 0.7792968750 0.3937500119 0.7933593988 0.4082031250
052682 0.0340511724 0.4349555671 0.0462582037 0.4484477937
052682 0.4201787114 0.4400956929 0.4298160076 0.4523026347
052682 0.4677221775 0.4420229495 0.4780016541 0.4548720121
005275 0.7386230230 0.4111635685 0.7572234869 0.4305400252
052777 0.4902343750 0.4613281190 0.4996093810 0.4722656310
052777 0.5218750238 0.4609375000 0.5316406488 0.4714843631
052777 0.5539062619 0.4597656131 0.5640624762 0.4718750119
052777 0.4585937560 0.4613281190 0.4687500000 0.4714843631
005282 0.0064247558 0.3308750093 0.0353361331 0.3719932139
005282 0.5833691359 0.4606547952 0.5955746174 0.4780016541
052893 0.8793945312 0.5097656250 0.8896484375 0.5205078125
052988 0.8129394650 0.4249018431 0.8258743882 0.4433335066
053003 0.6382812262 0.4078125060 0.6499999762 0.4199218750
053003 0.6714843512 0.4093750119 0.6832031012 0.4203124940
053003 0.7039062381 0.4113281369 0.7156249881 0.4222656190
053139 0.2900390625 0.4736328125 0.3041992188 0.5024414062
053194 0.9272460938 0.4931640625 0.9492187500 0.5302734375
053304 0.3808593750 0.2007812560 0.4398437440 0.2488281280
053304 0.5558593869 0.1929687560 0.6171875000 0.2429687530
053304 0.7246093750 0.2066406310 0.7796875238 0.2542968690
053311 0.9354833961 0.4270522594 0.9486606717 0.4406157136
053326 0.7548828125 0.4438476562 0.7788085938 0.4702148438
053326 0.7553710938 0.4716796875 0.7797851562 0.4975585938
005332 0.4072265625 0.4536132812 0.4238281250 0.4731445312
005332 0.4077148438 0.4726562500 0.4238281250 0.4907226562
005345 0.6381494403 0.4510556757 0.6458849311 0.4587910175
053526 0.9296630621 0.3732783198 0.9437962174 0.3983347118
053800 0.1621093750 0.4472656250 0.2160156220 0.5031250119
053800 0.5859375000 0.4566406310 0.6054687500 0.4769531190
053944 0.8042968512 0.2019531280 0.8527343869 0.2468750030
053944 0.5437499881 0.1695312560 0.6035156250 0.2160156220
053944 0.2714843750 0.1847656220 0.3234375119 0.2328124940
054036 0.8474267721 0.3681381941 0.8705540299 0.3964072764
054091 0.6956787109 0.4302675724 0.7106613517 0.4457379282
054339 0.6497412324 0.4244790077 0.6744807363 0.4583333433
054339 0.6503906250 0.4622397423 0.6751302481 0.4960937500
054490 0.7979540825 0.3655683696 0.8275082111 0.3983347118
054525 0.2636718750 0.2578125000 0.3125000000 0.3046875000
054525 0.4576821327 0.2428383827 0.5123696327 0.2916665077
054525 0.6575537324 0.2480468750 0.7096352577 0.2955729067
054607 0.1843901426 0.4882812500 0.2120166570 0.5197625756
054608 0.7855224609 0.4234760702 0.8617656231 0.5012441278
054608 0.8587597609 0.4732084870 0.8702790737 0.4896555543
054608 0.2249999940 0.4696245193 0.2464843690 0.4928993285
054663 0.6081738472 0.4486386776 0.6173615456 0.4568572342
054844 0.7459130883 0.4850688577 0.7581208944 0.4998458028
054874 0.0000000000 0.2802734375 0.0175781250 0.3266601562
054874 0.0000000000 0.3261718750 0.0209960938 0.3750000000
054963 0.6643213034 0.4548725486 0.6739563942 0.4659690559
055157 0.3606513739 0.4133471549 0.3785388172 0.4312345088
055200 0.4602411985 0.4355854392 0.4723275006 0.4471878409
055241 0.6123046875 0.4104819298 0.6233724356 0.4215494692
055241 0.6513671875 0.4121093750 0.6621093750 0.4225260317
055241 0.6878271699 0.4137368202 0.6982421875 0.4241536558
055241 0.7207031250 0.4156899452 0.7311197519 0.4261067808
055359 0.2239584923 0.4401040077 0.2552083433 0.4720052183
055432 0.1456621140 0.4144106507 0.2335429639 0.5232539177
055540 0.9047851562 0.2314453125 0.9506835938 0.2978515625
055631 0.4058593810 0.4355468750 0.4187499881 0.4488281310
055631 0.4058593810 0.4515624940 0.4195312560 0.4652343690
055632 0.4641088843 0.4526630938 0.4728109241 0.4603982568
005568 0.8090820312 0.4497070312 0.8403320312 0.4853515625
055730 0.7187500000 0.4738281369 0.7445312738 0.5000000000
055742 0.9784960747 0.4104462862 0.9929997325 0.4312345088
055793 0.8827587962 0.1574062556 0.9566460252 0.2280786186
055793 0.6983691454 0.4863539934 0.7080078125 0.4966334403
055813 0.8779296875 0.3281250000 0.9077148438 0.3613281250
055869 0.7793115377 0.4107763767 0.7967509627 0.4297649860
055926 0.7601855397 0.1953125000 0.7946538329 0.2652036250
055943 0.4282148480 0.4568915963 0.4375154674 0.4669673741
056054 0.0652651340 0.4737778306 0.0754176751 0.4863474667
056245 0.8002002239 0.4411176741 0.8114213943 0.4512593150
056245 0.8004882932 0.4522148371 0.8122959733 0.4630655348
056350 0.8388671875 0.3437500000 0.8706054688 0.3808593750
056360 0.4121093750 0.3671875000 0.4384765625 0.3950195312
056360 0.4423828125 0.3686523438 0.4687500000 0.3945312500
056374 0.3824062645 0.4389697313 0.3978767097 0.4529896379
056374 0.7522411942 0.4650756717 0.7633624673 0.4781288505
056576 0.2662758827 0.4915380776 0.2845052183 0.5117187500
056587 0.3734374940 0.2214843780 0.3894531131 0.2777343690
056587 0.3921875060 0.2410156280 0.4082031250 0.2925781310
056649 0.5644531250 0.4462890625 0.5786132812 0.4604492188
056649 0.5639648438 0.4643554688 0.5781250000 0.4790039062
005672 0.5618506074 0.4752602577 0.5742187500 0.4869791567
056737 0.4119389653 0.4410034120 0.4224020541 0.4522414505
056737 0.5801269412 0.4371279180 0.5909753442 0.4495287538
056737 0.6212011576 0.4363530278 0.6332155466 0.4486386180
056763 0.2022880912 0.4475913048 0.2123635709 0.4596042931
056815 0.2828164101 0.4123798907 0.3011873662 0.4481551647
056922 0.1440673769 0.3969096541 0.1547029763 0.4186649024
056922 0.3205253780 0.4568574131 0.3311610222 0.4713605940
056922 0.6497509480 0.4399365187 0.6637724042 0.4539565444
056922 0.9316015840 0.4766786993 0.9446550012 0.4863474667
056997 0.5045556426 0.4355776310 0.5161830783 0.4468161166
056997 0.6549170017 0.4317026436 0.6688678265 0.4456535280
057018 0.4348027408 0.4530166090 0.4433283806 0.4623170793
057098 0.2364052683 0.3553335071 0.2678295374 0.3882077634
057105 0.6064453125 0.4667968750 0.6210937500 0.4814453125
005715 0.0338541493 0.3541665077 0.0533853993 0.3808593750
057237 0.8242773414 0.3848237395 0.8474822044 0.4118966758
057278 0.2041015625 0.4946289062 0.2333984375 0.5288085938
005728 0.6400830150 0.4481552839 0.6512028575 0.4597579241
057389 0.4274887741 0.4067934453 0.4488307238 0.4287820756
057389 0.5167382956 0.4064697325 0.5364626646 0.4284586906
057404 0.7747412324 0.4869790077 0.7988281250 0.5117187500
057496 0.0810546875 0.4316406250 0.0957031250 0.4458007812
057496 0.3374023438 0.4052734375 0.3588867188 0.4248046875
057496 0.3603515625 0.4042968750 0.3813476562 0.4252929688
057689 0.6770068407 0.4313149452 0.6925068498 0.4464285672
057710 0.4425532222 0.4545664191 0.4506277442 0.4635027945
057710 0.5646240115 0.4530166090 0.5731491446 0.4615420401
057710 0.5956249833 0.4522412121 0.6043998599 0.4610735476
057710 0.9056445360 0.4243398309 0.9153335690 0.4413907826
058030 0.7617187500 0.4780273438 0.7778320312 0.4960937500
058067 0.1771215796 0.3370097578 0.2039292455 0.3676470816
058194 0.4458007812 0.4169921875 0.4614257812 0.4345703125
058194 0.4633789062 0.4169921875 0.4780273438 0.4331054688
058194 0.2641601562 0.4379882812 0.2739257812 0.4487304688
058223 0.6415331960 0.4355854392 0.6541035175 0.4467048347
058247 0.4146513641 0.4553417861 0.4274398386 0.4673549235
058250 0.4047592878 0.4722192287 0.4156815410 0.4824989736
058303 0.0113747558 0.4275234342 0.0238591805 0.4422274530
058303 0.0485506840 0.4291879833 0.0604802743 0.4441694915
058303 0.6319921613 0.4483310580 0.6422563195 0.4602605402
058323 0.4119672775 0.4475371242 0.4242549837 0.4611186981
058323 0.5713866949 0.4468906224 0.5827038288 0.4601484835
058323 0.6266259551 0.4468906224 0.6392896771 0.4611186087
005836 0.7614306808 0.3906250000 0.7822169065 0.4104463458
058531 0.0151367188 0.4077148438 0.0815429688 0.4887695312
058531 0.1928710938 0.4760742188 0.2089843750 0.5034179688
058534 0.8564208746 0.3417968750 0.8769788146 0.3674958944
058660 0.5696631074 0.4720053673 0.6015625000 0.5026041269
058719 0.9306347370 0.4848969579 0.9427212477 0.5003674030
058781 0.0000000000 0.4836308658 0.0155237699 0.5190551877
058781 0.7269970775 0.4816933572 0.7483103871 0.5219959021
005886 0.8203125000 0.4882812500 0.8359375000 0.5170898438
058978 0.7857470512 0.2216542959 0.8268657923 0.2672699094
059076 0.9895995855 0.4860620201 1.0000000000 0.5093660355
059164 0.1445312500 0.4140625000 0.1790364683 0.4602867663
059301 0.4150390625 0.4444907308 0.4255022407 0.4553416371
005937 0.4804687500 0.4687500000 0.4916992188 0.4804687500
059471 0.6110790968 0.4549233317 0.6207456589 0.4636254907
059476 0.8990136981 0.2336088866 0.9334788322 0.2776500583
059732 0.4726562500 0.4127602577 0.4895837903 0.4303385317
059732 0.5306006074 0.4108071327 0.5488281250 0.4277343750
059732 0.5898437500 0.4088540077 0.6087239981 0.4270833433
059745 0.7014794946 0.4563735425 0.7150177956 0.4732943773
059798 0.3956626058 0.4537914991 0.4041883647 0.4646422267
005992 0.3798828125 0.4902343750 0.3959960938 0.5053710938
005992 0.6855468750 0.4228515625 0.7104492188 0.4487304688
059948 0.5897656083 0.4426655173 0.6013568640 0.4568001926
005997 0.6482568383 0.3822729588 0.6662469506 0.4015470743
060075 0.4453125000 0.4062500000 0.4672851562 0.4252929688
060075 0.5649414062 0.4145507812 0.5839843750 0.4321289062
060094 0.2122397423 0.2311196327 0.2669272423 0.2858071327
060094 0.4720053673 0.1979165077 0.5410156250 0.2539062500
060137 0.6165527105 0.4146513641 0.6363157034 0.4348028302
060137 0.8010156155 0.4297651350 0.8176773190 0.4456535280
060137 0.8615576029 0.4298994243 0.8769724369 0.4447710514
060478 0.9082031250 0.4459633827 0.9296875000 0.4680989683
060478 0.9075537324 0.4707031250 0.9290364981 0.4934895933
060572 0.8701171875 0.4853515625 0.8823242188 0.4980468750
060572 0.6884765625 0.4853515625 0.6987304688 0.4960937500
060572 0.4726562500 0.4921875000 0.4794921875 0.5000000000
060636 0.4585317373 0.4701728523 0.4653223157 0.4772868156
060750 0.8537646532 0.3775717914 0.8803566098 0.4036780894
006096 0.8080566525 0.4820810556 0.8291206956 0.5057199001
061035 0.9238671660 0.3538828194 0.9499729276 0.3862739801
061238 0.4638671875 0.4931640625 0.4775390625 0.5073242188
061238 0.4638671875 0.4550781250 0.4760742188 0.4677734375
061377 0.7052929401 0.4193017483 0.7215712070 0.4371279776
061383 0.0000000000 0.3315429688 0.0454101562 0.3964843750
061383 0.0478515625 0.3457031250 0.0898437500 0.4052734375
061448 0.8491210938 0.3759765625 0.8725585938 0.4047851562
061524 0.6819775105 0.4171411097 0.7007320523 0.4349260330
061672 0.4811196327 0.3678383827 0.5006510019 0.3860677183
061672 0.7701806426 0.4069008827 0.7858072519 0.4244791567
061770 0.6980956793 0.4626587033 0.7126005292 0.4776453972
061789 0.4757114351 0.4462212026 0.4844136834 0.4554068744
061789 0.9451367259 0.3606513739 0.9625425339 0.3867574334
061901 0.8199267387 0.4365522563 0.8334622383 0.4529896379
006195 0.8854150176 0.2949218750 0.9147135019 0.3281250000
006195 0.9746093750 0.3151040077 0.9980468750 0.3457031250
062247 0.6230468750 0.4443359375 0.6582031250 0.4799804688
062247 0.6240234375 0.4824218750 0.6586914062 0.5195312500
062526 0.3507812619 0.4812499881 0.3750000000 0.5050781369
062596 0.3584008813 0.3526181579 0.3861656785 0.3851700127
062599 0.4274887741 0.4543281198 0.4381596744 0.4656457007
062728 0.7338867188 0.5092773438 0.7519531250 0.5278320312
062728 0.3002929688 0.5043945312 0.3188476562 0.5229492188
062770 0.1933789104 0.4331684709 0.2083655745 0.4505724013
062770 0.4568574131 0.4699101448 0.4732943773 0.4873143435
062770 0.8205029368 0.0497856438 0.8951821327 0.1522290111
062790 0.3456264734 0.4298789203 0.3599877357 0.4480698705
063065 0.7972021699 0.3795058727 0.8233098388 0.4051284194
063102 0.8372412324 0.3177084923 0.8626302481 0.3489583433
063102 0.8372412324 0.3665366173 0.8645833731 0.3984375000
063112 0.5410156250 0.4770507812 0.5532226562 0.4887695312
063112 0.5415039062 0.4897460938 0.5532226562 0.5004882812
006319 0.6982421875 0.4589843750 0.7163085938 0.4785156250
006319 0.7182617188 0.4584960938 0.7358398438 0.4785156250
063201 0.5984374881 0.4304687381 0.6062499881 0.4390625060
063201 0.6222656369 0.4308593869 0.6304687262 0.4390625060
063201 0.6476562619 0.4304687381 0.6546875238 0.4390625060
063254 0.9238281250 0.4414062500 0.9389648438 0.4624023438
063254 0.9238281250 0.4658203125 0.9379882812 0.4873046875
063264 0.8393554688 0.3408203125 0.8657226562 0.3686523438
063264 0.8681640625 0.3432617188 0.8930664062 0.3706054688
063266 0.8756933808 0.3636411130 0.8994655013 0.3931949139
006352 0.4727597535 0.4561167061 0.4785803258 0.4630587995
006365 0.0423177257 0.3828125000 0.0605468750 0.4095052183
006365 0.0996093750 0.3977866173 0.1145833507 0.4199218750
006365 0.1490883827 0.4088540077 0.1621093750 0.4290364683
063704 0.3517036140 0.4837319255 0.3650610447 0.4982436001
063704 0.6469726562 0.4501953125 0.6733398438 0.4765625000
063840 0.8256835938 0.4555664062 0.8359375000 0.4663085938
063840 0.8251953125 0.4702148438 0.8359375000 0.4809570312
064143 0.7356787324 0.4674477577 0.7604166269 0.4928385317
064190 0.3465839922 0.4787070453 0.3666900396 0.4988129437
064400 0.0918549821 0.4563735425 0.1015238315 0.4694259763
064400 0.4607246220 0.4684599638 0.4708765745 0.4771619737
064488 0.4266035259 0.3874126077 0.4465199709 0.4060443938
064497 0.5917480588 0.4824682474 0.6010509729 0.4940941334
064499 0.8013574481 0.4069008827 0.8233762383 0.4480698705
064670 0.3761215806 0.4317177832 0.3901415467 0.4467048347
064774 0.4066870213 0.4433081150 0.4188939035 0.4555149972
064834 0.4214638770 0.4465205073 0.4317434132 0.4567999542
065050 0.7382812500 0.4433593750 0.7617187500 0.4680989683
065050 0.9720068574 0.4622397423 0.9850260019 0.4785156250
065050 0.9726562500 0.4765625000 0.9856771231 0.4921875000
065090 0.6066406369 0.4156250060 0.6164062619 0.4250000119
065090 0.6347656250 0.4144531190 0.6441406012 0.4238281250
065090 0.6625000238 0.4144531190 0.6722656488 0.4234375060
065096 0.2647002041 0.3707075119 0.2929688096 0.4021892548
065142 0.4921582043 0.4359653294 0.5053323507 0.4491412640
065142 0.6246923804 0.4417783320 0.6359282136 0.4545665979
065142 0.6684814692 0.4410034120 0.6812686324 0.4537915587
065285 0.8262109160 0.3732207119 0.8513498306 0.4007773995
065357 0.4321289062 0.3964843750 0.4492187500 0.4135742188
065357 0.5073242188 0.3945312500 0.5239257812 0.4116210938
065357 0.5786132812 0.3950195312 0.5947265625 0.4121093750
065388 0.4128906131 0.4828124940 0.4234375060 0.4933593869
065478 0.7998828292 0.5056298971 0.8140162826 0.5191200972
065488 0.1503906250 0.4726562500 0.1790364683 0.5091146231
065599 0.6336035132 0.4425532222 0.6436787248 0.4553416371
065600 0.7923193574 0.3639321327 0.8144531250 0.3899739683
065600 0.8710937500 0.3730468750 0.8919271231 0.3971354067
006560 0.1217446253 0.0377603993 0.2011718750 0.1028639153
006560 0.4192709923 0.0000000000 0.5384116173 0.0358071774
006560 0.7662743926 0.0065104002 0.8619790077 0.0716144070
065709 0.7962744236 0.4145605564 0.8339077830 0.4544774294
065785 0.9677734375 0.4897460938 0.9760742188 0.4980468750
065785 0.9082031250 0.4736328125 0.9150390625 0.4838867188
065821 0.8940429688 0.4770507812 0.9077148438 0.4960937500
065821 0.8930664062 0.4980468750 0.9067382812 0.5185546875
006599 0.1549101621 0.5513671637 0.1629042029 0.5621715784
066004 0.4084511697 0.4751054645 0.4158141017 0.4820808470
066004 0.8916943073 0.4410034120 0.8994470835 0.4530164897
066010 0.1049804688 0.4599609375 0.1503906250 0.5024414062
066056 0.2688803673 0.2226562500 0.3261718750 0.2740883827
066056 0.4635415077 0.2063803673 0.5260415077 0.2591147423
066205 0.7018212676 0.4707031250 0.7246093750 0.4934895933
000662 0.7077636719 0.4297841787 0.7242032886 0.4467048347
066414 0.1624379903 0.3451811671 0.1933787167 0.3799891472
066415 0.2259116173 0.4785156250 0.2662760317 0.5208333731
066834 0.7532568574 0.3828125000 0.7727864981 0.4049479067
066834 0.7571631074 0.4459633827 0.7760432363 0.4661458433
067033 0.4251147509 0.4514663219 0.4344152808 0.4607670009
006704 0.5649414062 0.4897460938 0.5693359375 0.4960937500
006704 0.8754882812 0.4648437500 0.8881835938 0.4814453125
006704 0.8769531250 0.4848632812 0.8837890625 0.5014648438
067226 0.8758056760 0.4541791975 0.8866567612 0.4669673741
067226 0.9571874738 0.4588295817 0.9660993218 0.4696800709
067226 0.9823730588 0.4603793919 0.9920634627 0.4712301791
067262 0.8066406250 0.4946289062 0.8310546875 0.5229492188
067280 0.7587646246 0.4709345698 0.8082319498 0.5242597461
067396 0.7478417754 0.4285307527 0.7561934590 0.4400954247
067401 0.0449218750 0.2749023438 0.0747070312 0.3159179688
067401 0.0756835938 0.2851562500 0.1069335938 0.3168945312
067638 0.2094614208 0.3412421942 0.2405339777 0.3761986792
006764 0.1899414062 0.4843750000 0.2055664062 0.4995117188
067664 0.9075537324 0.4313149452 0.9205728769 0.4472656250
067664 0.8466796875 0.4653320312 0.8608398438 0.4799804688
006769 0.2003178746 0.4242685437 0.3499936461 0.5844477415
067704 0.0248927735 0.2084106505 0.0842526332 0.2843520641
067704 0.9420947433 0.1637177765 0.9995405078 0.2383959889
067709 0.6879443526 0.4230161011 0.7034150958 0.4394531250
067753 0.9277343750 0.4780273438 0.9648437500 0.5258789062
067753 0.9282226562 0.5356445312 0.9633789062 0.5810546875
067754 0.4007006884 0.4328652322 0.4142640233 0.4472036064
067754 0.6235253811 0.4297651350 0.6374782920 0.4433283806
067754 0.6789453030 0.4293774366 0.6925068498 0.4437159300
067763 0.4631420970 0.4428374171 0.4728109837 0.4529897571
067800 0.7163622975 0.4208212793 0.7343493104 0.4381681681
067997 0.6601562500 0.4824218750 0.6812499762 0.5062500238
068066 0.3574218750 0.4837241173 0.3678385317 0.4954427183
068231 0.3898501098 0.4863437414 0.4014756978 0.4975818396
068353 0.4390625060 0.4312500060 0.4542968869 0.4445312619
068353 0.5843750238 0.4902343750 0.5933593512 0.4992187619
068430 0.0957290009 0.3116005957 0.1252826601 0.3572162688
068430 0.9527881145 0.4542299807 0.9630684853 0.4664369524
006844 0.6431201100 0.4741469622 0.6578955054 0.4908511639
068473 0.0957031250 0.4848632812 0.1079101562 0.5053710938
068474 0.3142402470 0.3587172925 0.3451810181 0.3901413977
068493 0.6979541183 0.4040288031 0.7190166712 0.4212622643
068678 0.4707031250 0.2226562500 0.5317382812 0.2817382812
068714 0.0966894552 0.4341352582 0.1087755337 0.4496055245
068778 0.4906054735 0.4359653294 0.5010696054 0.4483662248
068778 0.6274023652 0.4413906336 0.6382533908 0.4530164897
068778 0.6758447289 0.4437158108 0.6874690056 0.4553416371
069015 0.5638476610 0.5216064453 0.5809015632 0.5351688862
069108 0.5761718750 0.1803383827 0.7701821327 0.3730468750
069211 0.8735351562 0.2719726562 0.9150390625 0.3227539062
069211 0.6938476562 0.4619140625 0.7026367188 0.4702148438
069211 0.6572265625 0.4545898438 0.6650390625 0.4628906250
069241 0.4661459923 0.4316406250 0.4798177183 0.4453125000
069241 0.5169287324 0.4303383827 0.5286490917 0.4440104067
069241 0.5657568574 0.4290366173 0.5794271231 0.4427083433
069296 0.9589843750 0.3374023438 0.9907226562 0.3740234375
069321 0.5484374762 0.4871093631 0.5566406250 0.4960937500
069373 0.0043510203 0.4645922780 0.0169206485 0.4790949821
069373 0.4102871120 0.4054526389 0.4272077978 0.4272077978
069373 0.8121923804 0.4520229399 0.8295946717 0.4713605940
069444 0.0004834468 0.2484917045 0.0348081551 0.3084389567
069522 0.2942709923 0.2441406250 0.3509116173 0.2949218750
069522 0.4772133827 0.2285156250 0.5377602577 0.2825522423
069522 0.6660156250 0.2376303673 0.7200522423 0.2884116173
069658 0.8037256002 0.3987631798 0.8207775354 0.4162016511
069700 0.0834960938 0.3017578125 0.1044921875 0.3359375000
069700 0.1621093750 0.3374023438 0.1796875000 0.3671875000
069700 0.2192382812 0.3652343750 0.2294921875 0.3886718750
069776 0.2632890642 0.4078584015 0.2891391218 0.4863662124
069828 0.7055664062 0.4736328125 0.7216796875 0.4907226562
069857 0.3072915077 0.4570312500 0.3190104067 0.4674479067
069928 0.3344726562 0.4936523438 0.3452148438 0.5083007812
069928 0.6713867188 0.4121093750 0.6967773438 0.4399414062
069928 0.6528320312 0.4389648438 0.6801757812 0.4692382812
069928 0.6904296875 0.4394531250 0.7163085938 0.4677734375
006999 0.1028647497 0.3398437500 0.1178385243 0.3678385317
006999 0.1536459923 0.3561196327 0.1679687500 0.3808593750
006999 0.1914062500 0.3697915077 0.2044270933 0.3919270933
006999 0.2246093750 0.3815102577 0.2337239683 0.4016927183
070027 0.4399365187 0.4423539937 0.4515393078 0.4558903277
070050 0.3886913955 0.4708769619 0.4002939463 0.4834467769
070288 0.5638476610 0.4448784292 0.5762493610 0.4580543041
070386 0.4760742188 0.4985595644 0.5120527148 0.5371093750
070437 0.4156250060 0.4730468690 0.4355468750 0.4937500060
070437 0.8378906250 0.4671874940 0.8699218631 0.4996093810
070489 0.3398632705 0.4167309701 0.3582340777 0.4360689819
070495 0.1490541995 0.4638671875 0.1665900946 0.4844516218
070495 0.8991357684 0.4696494043 0.9124153852 0.4850688875
070661 0.6420165896 0.4413867295 0.6536200643 0.4529896379
070707 0.1876533180 0.4700903296 0.2307368219 0.5351943374
070914 0.3000361323 0.4651523530 0.3154553771 0.4805715382
070914 0.6058545113 0.4600121975 0.6135638952 0.4690069854
070979 0.4509297013 0.3867827058 0.4681631327 0.4088034630
071155 0.1081889644 0.4755859375 0.1389199197 0.5087890625
071174 0.6270556450 0.4490903318 0.6366930604 0.4580849111
071208 0.3500156105 0.3882080019 0.3712871075 0.4104463458
071208 0.6265478730 0.3944926858 0.6478186846 0.4162476659
071208 0.7000293136 0.3954594731 0.7213025689 0.4181814492
071537 0.0991210938 0.3754882812 0.1494140625 0.4672851562
007153 0.0274860356 0.4549746215 0.0346000493 0.4630587995
007153 0.4485073388 0.4578847587 0.4565915465 0.4662924409
007153 0.8617675900 0.4284584820 0.8685585260 0.4423634410
071807 0.6497412324 0.3971352577 0.6647118926 0.4121090770
071807 0.6940087676 0.3997397423 0.7083333731 0.4140625000
071807 0.7382812500 0.4023437500 0.7513021231 0.4166666567
071937 0.1239975616 0.4670795798 0.1388250440 0.4934210479
071937 0.7150732279 0.4523027241 0.7257199883 0.4709344208
072078 0.4297651350 0.4448784292 0.4429408610 0.4576667845
072284 0.5566406250 0.3457031250 0.5885416269 0.3750000000
072425 0.3258432746 0.4109296799 0.3422803283 0.4312345088
072425 0.3838569224 0.4070620239 0.4041615129 0.4283338487
072517 0.0000000000 0.3430991173 0.0227864608 0.3789062500
072517 0.0826821253 0.3671875000 0.1015625000 0.3990885317
072645 0.4176430702 0.2041015625 0.4622395933 0.2402343750
072645 0.1894531250 0.2327475548 0.2252602577 0.2675782740
072688 0.4297519624 0.4536811411 0.4388063848 0.4630587995
072688 0.5636230707 0.4510942400 0.5730028749 0.4624120593
072688 0.6114843488 0.4520644546 0.6211842895 0.4620890617
072694 0.4062500000 0.3828125000 0.4238281250 0.4016927183
072694 0.4928369224 0.3841147423 0.5097656250 0.4016927183
072694 0.5774756074 0.3867187500 0.5950521231 0.4062500000
072765 0.4700522423 0.4622397423 0.4973958433 0.5371093750
072771 0.1818203181 0.3411543071 0.2165142149 0.3784179688
072809 0.8880908489 0.3200419843 0.9233833551 0.3621016741
072880 0.8262109160 0.3862739205 0.8479656577 0.4094794393
072960 0.7585302591 0.4041616321 0.7797996402 0.4268834889
073019 0.1189985350 0.4174643457 0.1293461919 0.4352493584
073019 0.1523051709 0.4239316285 0.1613591760 0.4400998652
073110 0.6119775176 0.4166665077 0.6236978769 0.4277343750
073110 0.6458349824 0.4179687500 0.6562500000 0.4296875000
073110 0.6796875000 0.4186196327 0.6907552481 0.4316406250
073250 0.0364583507 0.4726562500 0.0722656250 0.5273437500
073250 0.0384114757 0.5260400176 0.0729166493 0.5800781250
007331 0.1165366247 0.4889306724 0.1419270933 0.5260416269
073558 0.7622070312 0.4384765625 0.8237304688 0.5029296875
073802 0.2955385745 0.3527187407 0.3302323222 0.3861275315
073802 0.6379784942 0.4869960845 0.6585372090 0.5056280494
073802 0.8501855731 0.4889257848 0.8655024171 0.5081980228
073970 0.5805127025 0.4545664191 0.5871000886 0.4619295299
000739 0.6259765625 0.4091796875 0.6367187500 0.4199218750
000739 0.6577148438 0.4106445312 0.6679687500 0.4213867188
000739 0.6884765625 0.4125976562 0.6987304688 0.4228515625
000073 0.0468750000 0.2641601562 0.0742187500 0.3022460938
000073 0.1206054688 0.2949218750 0.1406250000 0.3291015625
000073 0.1762695312 0.3198242188 0.1918945312 0.3486328125
074148 0.6380224824 0.4661459923 0.6562500000 0.4843750000
074240 0.7529590130 0.3689238429 0.7789248824 0.3964378834
074243 0.5913085938 0.4453125000 0.6000976562 0.4545898438
074380 0.3993271589 0.4452543855 0.4114132226 0.4587910175
007443 0.6882421970 0.4152807593 0.7114942670 0.4328647554
007443 0.7777636647 0.4162016511 0.7955884337 0.4351903200
074535 0.8030029535 0.3814394474 0.8262105584 0.4041615129
074656 0.1803256869 0.4293007851 0.2088494152 0.4626585841
074818 0.6026025414 0.4367402196 0.6153894067 0.4483662248
074818 0.7328076363 0.4460410178 0.7440475821 0.4568917453
074818 0.7766015530 0.4472036064 0.7893880606 0.4596043825
075170 0.7552099824 0.4570312500 0.7799462676 0.4824218750
000751 0.7246093750 0.4780273438 0.7426757812 0.4995117188
075282 0.4281352460 0.4552978575 0.4365428090 0.4640288651
075448 0.0058593750 0.4674477577 0.0234375000 0.4915364683
075514 0.2089843750 0.4433593750 0.2182617188 0.4555664062
075545 0.6274414062 0.4819335938 0.6347656250 0.4887695312
075545 0.9882812500 0.4150390625 1.0000000000 0.4370117188
075547 0.1562500000 0.4856772423 0.1848958433 0.5182291269
075547 0.3697915077 0.4804687500 0.4023437500 0.5143228769
075547 0.6087256074 0.4791665077 0.6412760019 0.5123697519
075547 0.8125000000 0.4785156250 0.8404947519 0.5091146231
075600 0.1441591829 0.4413906336 0.1538473666 0.4549540877
075600 0.1763237268 0.4402280152 0.1875620186 0.4534034133
075711 0.9001074433 0.3417968750 0.9213095903 0.3707082570
076008 0.1194111332 0.4476718605 0.1305306107 0.4578241110
076040 0.9123144746 0.3552890718 0.9348016381 0.3861276805
076122 0.0744047835 0.4348027408 0.0840928704 0.4491412640
076228 0.5976562500 0.4811196327 0.6080728769 0.4921875000
076228 0.9492187500 0.4759116173 0.9589843750 0.4928385317
076286 0.4428374171 0.4583076239 0.4515393078 0.4684599042
076329 0.1713867188 0.3242187500 0.1992187500 0.3710937500
076434 0.3665366173 0.4830727577 0.3841145933 0.5006510019
076521 0.2668627799 0.4520229399 0.2779818773 0.4655592144
076521 0.6802099347 0.4244663119 0.6985806227 0.4384862185
076568 0.5040869117 0.4829101562 0.5097941160 0.4892578125
076771 0.3212890625 0.3710937500 0.3530273438 0.4028320312
076771 0.8238281012 0.3808593750 0.8472656012 0.4074218869
076771 0.5363281369 0.4796875119 0.5437499881 0.4875000119
077147 0.0980439484 0.4348027408 0.1065693349 0.4460410774
077147 0.1666357368 0.4406157136 0.1743861884 0.4514664114
077147 0.1883369088 0.4425532222 0.1953125000 0.4537915587
077147 0.5995019674 0.4561167061 0.6091889739 0.4658048451
077156 0.5634765625 0.3208007812 0.6020507812 0.3603515625
077156 0.4184570312 0.4985351562 0.4262695312 0.5063476562
077344 0.5533837676 0.4550781250 0.5657552481 0.4680989683
077598 0.6821289062 0.2319335938 0.7524414062 0.2963867188
077600 0.8447265625 0.4409179688 0.8618164062 0.4599609375
077600 0.8623046875 0.4414062500 0.8784179688 0.4609375000
077883 0.7239599824 0.4791665077 0.7421875000 0.4973958433
077883 0.7246093750 0.4973974526 0.7428385019 0.5169271231
077988 0.6556933522 0.4293774366 0.6692553163 0.4406157136
078233 0.3920751810 0.4157641530 0.4089959860 0.4326846302
078233 0.6009228230 0.4201152325 0.6173615456 0.4384862185
078233 0.6579687595 0.4205986261 0.6744082570 0.4375193417
078349 0.7984374762 0.4437499940 0.8394531012 0.4890624881
078349 0.6914062500 0.4359374940 0.7109375000 0.4558593631
078349 0.2757812440 0.4746093750 0.2980468869 0.4980468750
078441 0.4111840725 0.3797031343 0.4311009347 0.3989771903
078464 0.6638134718 0.4661123157 0.6941716075 0.4970711470
078472 0.6568993926 0.4710288048 0.6803385019 0.4941406250
078472 0.8473290801 0.4895849526 0.8619791269 0.5039062500
007857 0.0760820284 0.0163999032 0.1589267552 0.1154750958
007857 0.0815292969 0.1066508815 0.1594755799 0.2208466828
078589 0.7128906250 0.4536132812 0.7280273438 0.4746093750
078591 0.6791992188 0.4462890625 0.7031250000 0.4707031250
078591 0.6782226562 0.4726562500 0.7031250000 0.4956054688
078591 0.4638671875 0.4775390625 0.4707031250 0.4838867188
078591 0.6240234375 0.4926757812 0.6328125000 0.5004882812
078591 0.2216796875 0.3559570312 0.2563476562 0.3940429688
078624 0.6399072409 0.4285312593 0.6505792737 0.4391756952
078678 0.3619482517 0.3964380026 0.3844245970 0.4181392491
078692 0.5700488091 0.4289897382 0.5843874216 0.4429408610
078692 0.6374804974 0.4270522594 0.6510416269 0.4402281642
007888 0.7740868926 0.4967431724 0.7962223887 0.5175781250
079126 0.3775717914 0.4365522563 0.3925587833 0.4520227611
079416 0.8503808379 0.3659692407 0.8774558902 0.3940091431
079441 0.4731445312 0.4853515625 0.4814453125 0.4946289062
079441 0.6879882812 0.4394531250 0.7036132812 0.4545898438
079464 0.8692675829 0.3983344734 0.8872584701 0.4195366204
079495 0.2845053673 0.4388022423 0.3131510317 0.4667968750
079532 0.3632812500 0.3255209923 0.4010416567 0.3632812500
079532 0.5123681426 0.3216147423 0.5514322519 0.3567708433
079532 0.6556006074 0.3222656250 0.6927099824 0.3587238193
079572 0.1246093735 0.4926269650 0.1371578574 0.5070257783
079572 0.4213022590 0.4824218750 0.4371213317 0.4979265630
079572 0.7554833889 0.4790419936 0.7725540996 0.4977677763
079572 0.5132910013 0.4768022597 0.5261281133 0.4898703694
079688 0.3706054688 0.4970703125 0.4067382812 0.5371093750
079688 0.6010742188 0.4892578125 0.6425781250 0.5327148438
079688 0.8041992188 0.5058593750 0.8374023438 0.5419921875
079920 0.1388369203 0.4771508873 0.1483851522 0.4882813394
079920 0.6184961200 0.4468750060 0.6437853575 0.4706660509
080045 0.7109375000 0.4589843750 0.7363281250 0.5156250000
008012 0.0236390140 0.4088388681 0.0379774421 0.4293774962
008012 0.0282893069 0.4475913048 0.0368148424 0.4568917453
008012 0.0290643554 0.4580541849 0.0368148424 0.4677424431
008012 0.6739062667 0.4444907308 0.6843777299 0.4545665979
008012 0.8056640625 0.4534038007 0.8161272407 0.4627045989
008012 0.8366650343 0.4541791975 0.8451915979 0.4642547369
080215 0.4277343750 0.4726562500 0.4384765625 0.4838867188
080239 0.3430991173 0.4902343750 0.3535156250 0.5000000000
080265 0.6127929688 0.4707031250 0.6274414062 0.4853515625
080265 0.6123046875 0.4882812500 0.6264648438 0.5034179688
080309 0.6328320503 0.4684599638 0.6415339112 0.4781288505
080391 0.8457031250 0.4458007812 0.8701171875 0.4721679688
080466 0.6289062500 0.4687500000 0.6479492188 0.4873046875
080622 0.2373725623 0.4307509661 0.2451075166 0.4457379282
080622 0.6255810261 0.4471884668 0.6352490783 0.4578241110
080675 0.4680288136 0.4536020458 0.4746870697 0.4608154893
080709 0.4679687619 0.4222656190 0.4808593690 0.4355468750
080709 0.5117187500 0.4218750000 0.5253906250 0.4347656369
080709 0.5542968512 0.4210937619 0.5679687262 0.4343749881
080765 0.3972128928 0.4297651350 0.4138764739 0.4456535280
080910 0.6239160299 0.4770429730 0.6324405074 0.4875062108
081000 0.7910156250 0.4008789062 0.8041992188 0.4169921875
081000 0.8745117188 0.4243164062 0.8833007812 0.4375000000
081000 0.8842773438 0.4243164062 0.8925781250 0.4365234375
008100 0.8900244236 0.3621015549 0.9175819755 0.3935256898
081264 0.4210214913 0.4404233396 0.4320157170 0.4527110755
081264 0.5749413967 0.4504477680 0.5846440196 0.4607952237
081264 0.6114843488 0.4501240253 0.6218309999 0.4611186087
081392 0.6069335938 0.4814453125 0.6132812500 0.4877929688
081434 0.9525341988 0.6181005836 0.9641616940 0.6324391365
081474 0.4296875000 0.4331054688 0.4453125000 0.4487304688
081474 0.4980468750 0.4311523438 0.5136718750 0.4467773438
008153 0.1079360321 0.3090307713 0.1310649961 0.3520764709
008153 0.7452782989 0.4227475524 0.7606879473 0.4394530654
081593 0.6556884646 0.6095752120 0.6781684160 0.6308908463
081595 0.4804687500 0.4889306724 0.4993489683 0.5091146231
081595 0.7526025176 0.4986962974 0.7682291269 0.5156250000
081601 0.1523437500 0.2389321327 0.1829427183 0.2910156250
081601 0.2233071327 0.2845053673 0.2454427183 0.3281250000
081601 0.2721352577 0.3170571327 0.2877604067 0.3535156250
081674 0.6542968750 0.3642578125 0.6899414062 0.3999023438
081674 0.6552734375 0.4062500000 0.6875000000 0.4418945312
081686 0.1054067388 0.3472221792 0.1232329085 0.3832620084
081686 0.2193388641 0.4146513641 0.2270895541 0.4336402416
081686 0.2534413934 0.4243398309 0.2608042061 0.4410032332
008169 0.4253906310 0.2972656190 0.4535156190 0.3249999881
008169 0.5167968869 0.2941406369 0.5449218750 0.3207031190
008169 0.6003906131 0.2945312560 0.6277343631 0.3210937381
081780 0.5742187500 0.4726562500 0.5957031250 0.4941406250
081780 0.5742187500 0.4934912026 0.5983072519 0.5169271231
082216 0.7405615449 0.4478608370 0.7527939081 0.4603807628
082246 0.6069335938 0.3691406250 0.6425781250 0.4033203125
082318 0.8580712676 0.4394531250 0.8932291269 0.4772135317
082324 0.4061259627 0.4541791975 0.4169767201 0.4665798843
082401 0.6103515625 0.4560546875 0.6289062500 0.4741210938
082401 0.6293945312 0.4565429688 0.6479492188 0.4746093750
008241 0.6059570312 0.4736328125 0.6245117188 0.5239257812
082508 0.4716796875 0.4560546875 0.4785156250 0.4628906250
082508 0.4790039062 0.4550781250 0.4858398438 0.4619140625
082524 0.5526318550 0.4620888531 0.5623318553 0.4711429179
008266 0.4080292881 0.4442875981 0.4196317792 0.4563737810
082748 0.8256835938 0.4252929688 0.8393554688 0.4414062500
082748 0.7866210938 0.4711914062 0.8017578125 0.4858398438
082748 0.6381835938 0.4765625000 0.6464843750 0.4843750000
083078 0.0963540003 0.4459633827 0.1158853993 0.4707031250
083118 0.4302675724 0.4554067254 0.4418699741 0.4674930274
083118 0.5593457222 0.4500888586 0.5709506273 0.4612076283
083118 0.5994726419 0.4500888586 0.6115601659 0.4616917074
083195 0.1365771443 0.4461757839 0.1406462342 0.4566137195
083195 0.4599750936 0.4531059563 0.4689976573 0.4611186981
008320 0.6479492188 0.4584960938 0.6738281250 0.4858398438
008320 0.6484375000 0.4897460938 0.6728515625 0.5166015625
083422 0.3156044781 0.3954755962 0.3372697830 0.4184343815
083470 0.4928369224 0.4720053673 0.5097656250 0.4882812500
000834 0.5983056426 0.4596352577 0.6321598887 0.4934895933
083572 0.7385644317 0.4612973630 0.7471969724 0.4704961777
083599 0.8831689358 0.3968251944 0.8971199393 0.4189143181
083599 0.9312207103 0.4026381969 0.9440057874 0.4247272015
083632 0.4355854392 0.4607246220 0.4433206916 0.4689433575
008371 0.6211718917 0.4547119141 0.6306041479 0.4649769068
083828 0.0403646007 0.4557290077 0.0520833507 0.4674479067
083879 0.3290087879 0.4359653294 0.3410218358 0.4487537146
083888 0.2631835938 0.2070312500 0.3237304688 0.2675781250
083888 0.3291015625 0.1962890625 0.3955078125 0.2558593750
083895 0.4022509754 0.4204643667 0.4189143181 0.4379030168
083899 0.9881250262 0.4478051662 1.0000000000 0.4645096660
083944 0.4103886783 0.4510791004 0.4227895439 0.4650297761
084126 0.4471625984 0.3482216895 0.4850685894 0.3893400431
084252 0.0616777353 0.4349555671 0.0732421875 0.4529449344
084252 0.4439506829 0.4452353418 0.4542300701 0.4580849111
084252 0.7876757979 0.3848427832 0.7973118424 0.4041169882
084263 0.4165039062 0.3911132812 0.4389648438 0.4135742188
084263 0.5073242188 0.3896484375 0.5302734375 0.4121093750
084263 0.5981445312 0.3891601562 0.6201171875 0.4106445312
084294 0.7604150176 0.4785156250 0.7825521231 0.5019531250
084294 0.7610693574 0.5026025176 0.7819010019 0.5260416269
084327 0.4138764739 0.4472036064 0.4247272015 0.4576667845
084374 0.4488305748 0.4659692347 0.4549748898 0.4717896581
084476 0.2705078125 0.4897460938 0.2788085938 0.4985351562
084783 0.9049462676 0.3470053673 0.9251302481 0.3704427183
084783 0.9635400176 0.3567709923 0.9798193574 0.3776041567
084963 0.2916665077 0.4257812500 0.3066406250 0.4407552183
084963 0.2923178673 0.4433593750 0.3079427183 0.4583333433
085076 0.1492187530 0.5270556808 0.1698369682 0.5485063195
085195 0.2895507812 0.2812500000 0.3222656250 0.3125000000
085195 0.4941406250 0.2651367188 0.5283203125 0.2978515625
085447 0.4316406250 0.4244790077 0.4453125000 0.4381511807
085447 0.4733071327 0.4238281250 0.4869791567 0.4368489683
085447 0.5141601562 0.4228515625 0.5273437500 0.4355468750
085447 0.5546875000 0.4218750000 0.5688476562 0.4345703125
008558 0.4732143581 0.4227119088 0.4829799235 0.4324776828
008558 0.5066943169 0.4213168919 0.5161788464 0.4313616157
008558 0.5396191478 0.4204799831 0.5493862033 0.4299665093
085822 0.7667968869 0.4289062619 0.7773437500 0.4406250119
085822 0.8457031250 0.4414062500 0.8531249762 0.4519531131
085822 0.8539062738 0.4421874881 0.8625000119 0.4527343810
085865 0.8262255788 0.4580849707 0.8480674028 0.4831414521
085881 0.7172851562 0.4399414062 0.7446289062 0.4667968750
085881 0.7182617188 0.4677734375 0.7456054688 0.4956054688
086245 0.8056640625 0.3564453125 0.8315429688 0.3842773438
086245 0.8344726562 0.3574218750 0.8598632812 0.3862304688
086245 0.3237304688 0.3476562500 0.3540039062 0.3769531250
008629 0.0004834468 0.3398632705 0.0212716796 0.3795057237
086335 0.3066406250 0.2023437470 0.3460937440 0.2367187440
086335 0.5117187500 0.1878906190 0.5566406250 0.2218749970
086340 0.1716235280 0.4143139720 0.1832263172 0.4317179620
086340 0.6454004049 0.4346186519 0.6570041776 0.4471886158
086368 0.2809555531 0.4367402196 0.2867683470 0.4491412640
086368 0.6091894507 0.4487538934 0.6177145243 0.4568917453
086368 0.9525341988 0.4371279180 0.9610615373 0.4479786754
086462 0.3118232489 0.4583076239 0.3248762190 0.4723272324
086462 0.8943750262 0.4641088843 0.9047564268 0.4795792103
086506 0.2402729541 0.4225327075 0.2571937144 0.4418703616
086506 0.4336518645 0.4234995246 0.4515393078 0.4418703616
086506 0.5119677782 0.4210820198 0.5327583551 0.4428372681
086596 0.7358056903 0.4046450257 0.7536935806 0.4230158329
086658 0.8760351539 0.3628598750 0.9018841982 0.3982843161
086665 0.5932617188 0.4536132812 0.6093750000 0.4702148438
086665 0.5917968750 0.4707031250 0.6088867188 0.4882812500
086812 0.1282553673 0.4941406250 0.1555989683 0.5286458731
087231 0.2842665911 0.3896582127 0.3089224994 0.4133470356
087328 0.6614599824 0.4772133827 0.6783853769 0.4947916567
087328 0.6614599824 0.4947900474 0.6796875000 0.5123697519
087349 0.6196289062 0.4702148438 0.6333007812 0.4853515625
087349 0.6362304688 0.4697265625 0.6499023438 0.4848632812
087531 0.3360146582 0.3019633889 0.3694233000 0.3340871632
087685 0.5912548900 0.4476718605 0.6009243727 0.4568572342
087691 0.3191406131 0.4765625000 0.3363281190 0.4949218631
087701 0.5364599824 0.4928369224 0.5540364981 0.5117187500
087851 0.2771240175 0.4253188372 0.2962021828 0.4426654875
087851 0.3501489162 0.4253188372 0.3673427105 0.4430101514
087862 0.6444775462 0.4411176741 0.6575151086 0.4547119141
087876 0.0781250000 0.4710937440 0.1058593765 0.5074218512
087927 0.6479492188 0.3686523438 0.6884765625 0.4086914062
087927 0.6474609375 0.4150390625 0.6884765625 0.4560546875
087959 0.2881816328 0.2709482312 0.3274356425 0.3082873523
087970 0.5956054926 0.4430024326 0.6052117944 0.4535873532
088023 0.0397739261 0.4333090782 0.0488281250 0.4475372434
088023 0.0776074231 0.4291054606 0.0876319334 0.4465671480
088027 0.9692382812 0.2724609375 0.9995117188 0.3125000000
088185 0.4827841818 0.4152006805 0.4992756844 0.4326624572
088185 0.5558642745 0.4135839939 0.5739730000 0.4323391020
088267 0.3979877830 0.4235644639 0.4173642099 0.4410032332
088333 0.7753906250 0.3969726562 0.8066406250 0.4291992188
088333 0.7832031250 0.4926757812 0.8046875000 0.5263671875
088472 0.0989414081 0.2704819441 0.1195003912 0.3096731007
088472 0.9823437333 0.4156816304 0.9939092994 0.4304584563
088663 0.4168173969 0.4358960092 0.4271650016 0.4455970824
088672 0.5332031250 0.4791665077 0.5423177481 0.4915364683
088672 0.5318993926 0.4915380776 0.5442708731 0.5019531250
088690 0.0494707040 0.3193100691 0.0751696303 0.3501487374
088732 0.4189453125 0.4003906250 0.4360351562 0.4184570312
088732 0.7436523438 0.3867187500 0.7636718750 0.4091796875
088732 0.7656250000 0.3876953125 0.7851562500 0.4096679688
089092 0.8020361066 0.3857905269 0.8213760853 0.4075456560
089239 0.2123637646 0.4825366139 0.2352275401 0.5014570951
089550 0.6874462962 0.4786440432 0.7028680444 0.4979183674
008961 0.3824062645 0.4786123037 0.3915919065 0.4921485782
089739 0.0718061551 0.4203046858 0.1091452166 0.4691328108
089739 0.3897924721 0.4788486362 0.4025546014 0.4916104376
089780 0.3026059568 0.4028320312 0.3270199299 0.4278885722
089860 0.3169951141 0.3979877830 0.3390841782 0.4212394655
090013 0.1670434624 0.3854853511 0.1779656708 0.4028320312
090013 0.6411914229 0.4330283105 0.6521124244 0.4458778799
090103 0.3176245093 0.4645922780 0.3311606348 0.4790957570
090209 0.0029006787 0.2523593605 0.0372253843 0.3016709089
090209 0.1310141534 0.2982866168 0.1580871046 0.3388961852
090326 0.2697631717 0.4752280414 0.2789488733 0.4892481565
090380 0.3228081167 0.4599916935 0.3359839916 0.4731677771
090426 0.2300063521 0.3527187407 0.2576326132 0.3842002451
090444 0.7024462819 0.4389697313 0.7130839825 0.4505724013
090444 0.8189599514 0.4462212026 0.8305615783 0.4602413476
090444 0.8586035371 0.4486386776 0.8687538505 0.4626585841
090495 0.6623925567 0.4420229495 0.6745990515 0.4555149972
090520 0.0182136726 0.4220146537 0.0290643554 0.4375152290
090520 0.1069570333 0.4317026436 0.1162574217 0.4452660084
090520 0.1340834945 0.4332529306 0.1449342817 0.4464285672
090520 0.6143945456 0.4533579051 0.6231244802 0.4627354145
090960 0.2797851562 0.4438476562 0.3002929688 0.4648437500
090960 0.3012695312 0.4423828125 0.3208007812 0.4643554688
090960 0.7114257812 0.4716796875 0.7343750000 0.4936523438
090971 0.7401562333 0.4863476455 0.7527266741 0.5003674030
091058 0.8880908489 0.4718442261 0.9035620093 0.4873143435
091061 0.7211914062 0.4663085938 0.7309570312 0.4750976562
091061 0.7211914062 0.4545898438 0.7309570312 0.4648437500
091075 0.3122431636 0.4606547952 0.3295898438 0.4869962931
091084 0.7180810571 0.4320903420 0.7393972874 0.4522414207
091200 0.4464287162 0.4696801901 0.4537915587 0.4774305522
091207 0.8164062500 0.4511718750 0.8286132812 0.4648437500
091207 0.1123046875 0.4677734375 0.1206054688 0.4780273438
091207 0.1113281250 0.4799804688 0.1215820312 0.4916992188
091213 0.6608740091 0.4457377791 0.6695737839 0.4558903277
091261 0.4344155192 0.4483662248 0.4437159300 0.4580543041
091399 0.4399365187 0.4554067254 0.4500889778 0.4650757909
091534 0.9681006074 0.4700522423 0.9837239981 0.4889322817
091534 0.9687500000 0.4869790077 0.9837239981 0.5084635019
091574 0.2508422732 0.3676469624 0.2795649469 0.3973269165
091683 0.6893945336 0.4196318388 0.7043820024 0.4360689819
091702 0.7877587676 0.3391928673 0.8151041269 0.3684895933
091702 0.8587256074 0.3489584923 0.8828125000 0.3776041567
091702 0.9212256074 0.3600258827 0.9427083731 0.3860677183
091711 0.6611328125 0.3237304688 0.6977539062 0.3603515625
091711 0.5151367188 0.3193359375 0.5541992188 0.3574218750
091711 0.3632812500 0.3242187500 0.4018554688 0.3623046875
091731 0.6424999833 0.4418701231 0.6536200643 0.4529896379
091767 0.6487841606 0.4384863377 0.6565207243 0.4491220713
091792 0.6845605373 0.4268833101 0.7005143762 0.4418703616
091814 0.1518554688 0.4584960938 0.1586914062 0.4667968750
091895 0.0531792007 0.4302675724 0.0657487810 0.4467048347
091961 0.6855322123 0.4134887755 0.7010324001 0.4282148778
092152 0.4492187500 0.4437499940 0.4605468810 0.4554687440
009231 0.1821289062 0.2397460938 0.2138671875 0.3017578125
092367 0.0755209997 0.2369790077 0.1067708507 0.2845052183
092367 0.1536459923 0.2740883827 0.1744791567 0.3157552183
092367 0.2070312500 0.3046875000 0.2239583433 0.3411458433
009242 0.8416406512 0.4041171968 0.8570621014 0.4214638174
092456 0.2984375060 0.4748574197 0.3148437440 0.4926266074
092456 0.9187499881 0.4484375119 0.9398437738 0.4756386578
092572 0.3662109375 0.3833007812 0.3886718750 0.4062500000
092572 0.6772460938 0.4038085938 0.6962890625 0.4223632812
092572 0.6972656250 0.4042968750 0.7133789062 0.4218750000
092777 0.4221064448 0.4375258684 0.4355982840 0.4497327209
093045 0.7167968750 0.4095053673 0.7330728769 0.4277343750
093045 0.7871093750 0.4134116173 0.8033853769 0.4296875000
093127 0.4410034120 0.4599916935 0.4503038228 0.4708426297
093194 0.3700659275 0.4058232307 0.3906250000 0.4278885126
093265 0.6726123095 0.4147973657 0.6871147156 0.4288172722
093332 0.1593339890 0.3071030378 0.2010947764 0.3456517160
093332 0.6707422137 0.3687807620 0.7002980709 0.3964072764
093332 0.7651904225 0.3719931543 0.7921720743 0.4021895528
093350 0.0991064459 0.4297841787 0.1068417504 0.4423538148
093350 0.5922216773 0.4607246220 0.5989905596 0.4694268107
093443 0.4651523530 0.4587275386 0.4737777412 0.4670096338
093491 0.7913134694 0.4576640725 0.8117517829 0.4859856069
093504 0.4541572332 0.4663642645 0.4608154297 0.4730224609
009356 0.0685917959 0.4452661276 0.0759548843 0.4545665979
009356 0.1782612354 0.4464287162 0.1875620186 0.4568917453
009356 0.2135263681 0.4433286190 0.2236018032 0.4545665979
009356 0.8087646365 0.2127509713 0.8424789310 0.2797929645
093610 0.8157177567 0.2039292008 0.8530560732 0.2747778296
093752 0.5907861590 0.4507710040 0.5979020000 0.4598251581
093780 0.3227539062 0.4809570312 0.3383789062 0.4980468750
093851 0.1510415077 0.2102866173 0.1809895933 0.2591145933
093851 0.2259116173 0.2610678673 0.2473958433 0.3014322817
093851 0.2773437500 0.3001303673 0.2910156250 0.3346354067
093873 0.0502783209 0.2866840959 0.0918548852 0.3359956145
093879 0.8243359327 0.4480698109 0.8549708724 0.4892386794
009389 0.4203745127 0.4436567426 0.4336325824 0.4578849077
009401 0.0449218750 0.4350585938 0.0566406250 0.4487304688
009401 0.2851562500 0.4350585938 0.2983398438 0.4477539062
009401 0.2998046875 0.4326171875 0.3120117188 0.4482421875
094144 0.8906250000 0.1061196253 0.9687500000 0.1803383827
094144 0.8912743926 0.1855468750 0.9700522423 0.2682290077
094200 0.8442138433 0.3739204109 0.8711965084 0.4015470743
094287 0.8208935261 0.3688701093 0.8498994708 0.3973932564
094297 0.7281249762 0.2785156369 0.7757812738 0.3277343810
094297 0.6144531369 0.4617187381 0.6238281131 0.4707031250
094297 0.5703125000 0.4613281190 0.5773437619 0.4695312381
094307 0.4737778306 0.2958696187 0.4834467769 0.3403465450
094307 0.8919579983 0.4504477680 0.9021117091 0.4627358019
094440 0.3190102577 0.2916665077 0.3652343750 0.3359375000
094440 0.4902343750 0.2766928673 0.5397133827 0.3216145933
094598 0.0212716796 0.4239829183 0.0309405755 0.4355855584
094598 0.6023730636 0.4544399381 0.6120436192 0.4641088843
094688 0.0833334997 0.5026025176 0.0970052257 0.5227864981
094777 0.8346337676 0.4700522423 0.8554687500 0.4928385317
094811 0.8296874762 0.4230468869 0.8906250000 0.5273437500
094910 0.1542968750 0.4936523438 0.1645507812 0.5053710938
094910 0.3725585938 0.5156250000 0.3876953125 0.5317382812
094932 0.3374023438 0.4594726562 0.3540039062 0.4799804688
094932 0.0962890610 0.4785839915 0.1031766087 0.4871087968
094932 0.2496093810 0.4714140594 0.2618222535 0.4896708429
094935 0.7880859375 0.4428710938 0.8066406250 0.4824218750
094935 0.5141601562 0.4744296968 0.5285754800 0.4945482314
094966 0.8339453340 0.3930419981 0.8508663774 0.4118966758
095018 0.4177876115 0.4362192452 0.4307222664 0.4491540492
095151 0.8242187500 0.4718750119 0.8500000238 0.4988281131
095151 0.9460937381 0.4953125119 0.9578124881 0.5105468631
095303 0.0861674771 0.2987133861 0.1129748523 0.3303079009
095377 0.4492187500 0.4703613222 0.4676642716 0.4887035191
095500 0.3929502070 0.4328652322 0.4080636203 0.4468161166
095500 0.5979492068 0.4293774366 0.6126766801 0.4441034198
095500 0.6483300924 0.4286025465 0.6638299823 0.4441034198
095578 0.8688330054 0.4119389653 0.8858816624 0.4286024272
095578 0.9339355230 0.4138764739 0.9480391741 0.4313150942
095658 0.7904345989 0.4863476455 0.7991349101 0.4964998662
095714 0.3084389567 0.3780551851 0.3330948353 0.4017442763
096053 0.4534731507 0.4539565444 0.4616915882 0.4650757909
096069 0.3190747201 0.4660424888 0.3301941454 0.4800632298
096069 0.6695752144 0.4336518645 0.6821433902 0.4476717412
096224 0.8813476562 0.4443359375 0.9047851562 0.4765625000
096439 0.3561352491 0.4526289105 0.3642732799 0.4615420401
009652 0.0000000000 0.4471884668 0.0116027342 0.4597579241
009652 0.4428374171 0.4616918862 0.4549234509 0.4732943773
096661 0.4107763767 0.4375156164 0.4247272015 0.4520227611
096661 0.5867138505 0.4716176689 0.5960131288 0.4816932976
096661 0.5867138505 0.4813056588 0.5956256390 0.4911819398
096676 0.7900390625 0.2285156250 0.8559570312 0.2958984375
096676 0.2988281250 0.4946289062 0.3139648438 0.5102539062
096688 0.6339892745 0.4402280152 0.6452288032 0.4534040093
096971 0.9303368926 0.3789062500 0.9518228769 0.4049479067
097222 0.6015625000 0.3149414062 0.6440429688 0.3564453125
097222 0.3505859375 0.4819335938 0.3657226562 0.4985351562
097426 0.7452099323 0.4433286190 0.7564483881 0.4561167061
097426 0.8459668159 0.4553417861 0.8552662134 0.4654172957
097426 0.8823925853 0.4565044045 0.8916946054 0.4661923349
097468 0.8328124881 0.4710937440 0.8437500000 0.4878906310
097496 0.7218896747 0.4222197235 0.7381662726 0.4404104054
097597 0.1689609438 0.4336401224 0.1782614291 0.4456535280
097597 0.2050004900 0.4317026436 0.2162388116 0.4437159300
097620 0.2690429688 0.4819335938 0.2841796875 0.4960937500
097673 0.9363525510 0.2460556626 0.9765625000 0.3006279171
097727 0.6120458841 0.4539565444 0.6202622056 0.4631420374
097737 0.2144609392 0.2967983484 0.2393535674 0.3542431593
097756 0.2695312500 0.2024741173 0.3229165077 0.2500001490
097756 0.4986962974 0.1803383827 0.5625000000 0.2311196327
097776 0.5922851562 0.2856445312 0.6401367188 0.3334960938
097811 0.3384125829 0.4935986400 0.3461478949 0.5013337731
097848 0.6879882812 0.4594726562 0.6958007812 0.4667968750
097848 0.6879882812 0.4692382812 0.6958007812 0.4780273438
098018 0.4323857427 0.4163242280 0.4458778799 0.4298160076
009823 0.3177705109 0.4189145565 0.3247458041 0.4332527220
009823 0.6250781417 0.4495288134 0.6328279972 0.4568917453
009823 0.9738476276 0.4278271496 0.9819878340 0.4398406744
098340 0.4156816304 0.4060444236 0.4314075708 0.4239169061
098439 0.7578125000 0.4189453125 0.7958984375 0.4624023438
098439 0.7548828125 0.4648437500 0.7919921875 0.5078125000
009854 0.7696484327 0.4312343895 0.7827003598 0.4462213814
098551 0.8407129049 0.4607246220 0.8494160175 0.4699102640
098619 0.4289091825 0.4228368998 0.4451852143 0.4439000487
098790 0.6411914229 0.4317426682 0.6521105766 0.4433074594
098793 0.5869140625 0.0004882812 0.7211914062 0.0727539062
098793 0.1298828125 0.0297851562 0.2353515625 0.1181640625
009952 0.4255034328 0.4351894557 0.4375157356 0.4460408092
