010175 0.7014892578 0.4851684570 0.7102449707 0.4933391602
010291 0.8204394531 0.4876386719 0.8384293457 0.5094830566
010593 0.6201171875 0.4609375000 0.6386718750 0.4765625000
011381 0.5813818359 0.3502602539 0.6087239746 0.3795572754
012229 0.6621093750 0.4702148438 0.6811523438 0.4877929688
012229 0.6606445312 0.4926757812 0.6796875000 0.5087890625
012552 0.5709619141 0.3365883789 0.6002604004 0.3671875000
012883 0.3687807617 0.6527539062 0.3842004395 0.6675318848
013012 0.3548178711 0.4537758789 0.3860678711 0.4837239746
013083 0.8470068359 0.4583334961 0.8828125000 0.4947916504
000013 0.9033203125 0.4531250000 0.9204101562 0.4687500000
000013 0.6723632812 0.4819335938 0.6860351562 0.4936523438
014614 0.4837192383 0.2343750000 0.5468750000 0.2855556641
014823 0.5648046875 0.4479555664 0.5757357910 0.4593732910
015220 0.3144531250 0.4420571289 0.3372395996 0.4628906250
015237 0.5716015625 0.4797558594 0.5816751953 0.4921564941
001542 0.1798422852 0.4882812500 0.2001468750 0.5119686523
015497 0.9145507812 0.4858398438 0.9399414062 0.5058593750
015645 0.6098681641 0.4129370117 0.6289450684 0.4307221680
015645 0.6312060547 0.4129370117 0.6509333984 0.4313688477
015702 0.5932617188 0.4550781250 0.6152343750 0.4741210938
016065 0.1635742188 0.4399414062 0.2089843750 0.4877929688
016570 0.6408691406 0.3967285156 0.6694446777 0.4228073730
016842 0.3925781250 0.4589843750 0.4243164062 0.4858398438
017256 0.7101855469 0.4761953125 0.7358104492 0.4974667480
017897 0.9270849609 0.4667968750 0.9641927246 0.5182290039
017947 0.8296875000 0.4687500000 0.8460937500 0.4843750000
018071 0.4609375000 0.2001953125 0.5131835938 0.2402343750
018124 0.5815429688 0.4638671875 0.5981445312 0.4780273438
018130 0.7682275391 0.4466147461 0.7779947754 0.4544270996
018397 0.8266943359 0.4539565430 0.8382974609 0.4665261230
018667 0.4277343750 0.4303383789 0.4433593750 0.4446614746
018839 0.5358056641 0.4602866211 0.5800781250 0.5000000000
018885 0.0173468262 0.3482216797 0.0424033691 0.3835577637
018885 0.0436883301 0.3565737305 0.0687448730 0.3893400391
018925 0.5850537109 0.4375073242 0.5977907227 0.4500680664
019058 0.0208333496 0.4648437500 0.0670572754 0.5104166504
019452 0.5556640625 0.4541015625 0.5747070312 0.4721679688
020566 0.7583886719 0.4448784180 0.7723387207 0.4588294922
020637 0.7165820312 0.3475981445 0.7585343262 0.3853070801
020781 0.7602539062 0.2636718750 0.8085937500 0.3159179688
021094 0.8398437500 0.4772133789 0.8763020996 0.5091145996
021298 0.5283203125 0.4189453125 0.5419921875 0.4306640625
021427 0.6508789062 0.3828125000 0.6796875000 0.4086914062
002182 0.4390625000 0.4714843750 0.4539062500 0.4871093750
022006 0.0501303711 0.4108071289 0.1035156250 0.4628906250
022075 0.6706298828 0.4887109375 0.6784084473 0.4958431152
022312 0.5287548828 0.4034746094 0.5512438477 0.4233912598
002257 0.6782958984 0.5227294922 0.6945729980 0.5373046875
022696 0.7272802734 0.4651523437 0.7484837402 0.4876387695
022904 0.7659912109 0.3440161133 0.7984508301 0.3775856934
023088 0.6538085938 0.4365234375 0.6616210938 0.4443359375
002377 0.4531250000 0.3066406250 0.4858398438 0.3339843750
024165 0.4492187500 0.4830727539 0.4680989746 0.4980468750
024258 0.1522290039 0.4518994141 0.2077587891 0.5160463867
024661 0.7022265625 0.4355981445 0.7150750488 0.4490902344
024993 0.5405078125 0.4367807617 0.5545976563 0.4506277344
025200 0.0683593750 0.3779296875 0.1757812500 0.4746093750
025287 0.6171875000 0.3002929688 0.6684570312 0.3471679688
025421 0.7275781250 0.4848632812 0.7435397461 0.4998458008
026042 0.9712890625 0.2832587891 0.9846080566 0.2979626465
026042 0.9460449219 0.3773081055 0.9668505859 0.3992254883
026242 0.5240869141 0.2845053711 0.5703108887 0.3255208496
002624 0.9566455078 0.3713505859 0.9836315430 0.4021893555
026710 0.5820556641 0.4666157227 0.6008123047 0.4814905762
027009 0.0000000000 0.0755209961 0.0625000000 0.1660156250
027263 0.6619531250 0.5465429687 0.6766561523 0.5604137207
028195 0.3268227539 0.4114584961 0.3444010254 0.4296875000
028256 0.9484375000 0.4222656250 0.9738281250 0.4476562500
028421 0.0555297852 0.3686044922 0.1302084961 0.4767924805
029071 0.6254882812 0.4082031250 0.6645507812 0.4418945312
029071 0.4311523438 0.2607421875 0.4702148438 0.2954101562
029107 0.5789648438 0.4937060547 0.5952398926 0.5099826172
029178 0.4817709961 0.4023437500 0.5045572754 0.4225260254
029439 0.1187192383 0.5131738281 0.1378676270 0.5552864258
029714 0.7804199219 0.4855068359 0.7915172363 0.4960493652
002981 0.7128906250 0.4889306641 0.7434895996 0.5195312500
029859 0.5242578125 0.4426655273 0.5390368164 0.4561574707
030077 0.1787109375 0.4619140625 0.1904296875 0.4726562500
030178 0.6780957031 0.4953955078 0.6913544922 0.5080065430
030536 0.0121930176 0.3926953125 0.0294262207 0.4119670898
031336 0.6095751953 0.4053505859 0.6301153320 0.4255020508
031524 0.5698486328 0.4610927734 0.5856600586 0.4746872070
031565 0.8295898438 0.3457031250 0.8569335938 0.3789062500
031755 0.7760400391 0.3971352539 0.7949218750 0.4179687500
031912 0.8043798828 0.4651523437 0.8448492676 0.4992037109
032565 0.4291733398 0.4715766602 0.4516606934 0.5056280762
032733 0.7002978516 0.4683647461 0.7581206055 0.5236171875
032920 0.2651367188 0.4448242188 0.2993164062 0.4775390625
032920 0.2949218750 0.4365234375 0.3188476562 0.4570312500
033127 0.7020605469 0.4565659180 0.7151154785 0.4681684570
033160 0.1271464844 0.4728110352 0.1440671387 0.4906984863
033292 0.7338867188 0.4028320312 0.7470703125 0.4140625000
033480 0.0063809570 0.4233618164 0.0246915039 0.4466660645
033981 0.8851904297 0.3790224609 0.9098468262 0.4056118164
033981 0.9103320312 0.3824062500 0.9340290039 0.4070622070
033981 0.9403027344 0.4607246094 0.9601199219 0.4810295410
034441 0.5527343750 0.4427084961 0.5846370117 0.4726562500
003447 0.6528320312 0.4375000000 0.6640625000 0.4482421875
034501 0.9839257812 0.4677421875 0.9998157715 0.4886686035
034771 0.7200537109 0.2942709961 0.7662776367 0.3430989746
034867 0.5195312500 0.3782553711 0.5449218750 0.4029947754
034867 0.6979150391 0.4700522461 0.7161458496 0.4863281250
034974 0.0822368164 0.1464843750 0.1451992187 0.2428554687
035089 0.8417041016 0.5285839844 0.8506169434 0.5394345215
035507 0.5700488281 0.4673549805 0.5828373047 0.4813058105
035542 0.0236390137 0.4940966797 0.0430152832 0.5146347168
035925 0.6416015625 0.4731445312 0.6616210938 0.4907226562
036107 0.5143212891 0.4153647461 0.5345052246 0.4335937500
036140 0.5041259766 0.4856943359 0.5151205566 0.4964998535
003629 0.8310449219 0.4665263672 0.8687538574 0.5037515625
036342 0.7133789062 0.3759765625 0.7309570312 0.3916015625
036455 0.4479165039 0.4798178711 0.4583333496 0.4902342285
036756 0.6367187500 0.1178383789 0.6914062500 0.1595052246
036836 0.8051757812 0.4721679688 0.8471679688 0.5097656250
036966 0.5253906250 0.3170571289 0.5670556641 0.3515625000
036966 0.7806005859 0.4641928711 0.8046875000 0.4850260254
037028 0.6458837891 0.3799892578 0.6729579102 0.4056125000
037028 0.6763427734 0.3824062500 0.7034150879 0.4080287598
037145 0.4192709961 0.2604165039 0.4778647461 0.3098959961
037145 0.4804687500 0.2649741211 0.5332031250 0.3092447754
037281 0.5351562500 0.3756508789 0.5611979004 0.3971354004
037771 0.7943017578 0.4858642578 0.8049389160 0.4969833008
038022 0.8243359375 0.5016845703 0.8664598633 0.5466834961
038052 0.0720795898 0.5599755859 0.1069568359 0.5956256348
038078 0.8329492188 0.4432827148 0.8693321289 0.4854089844
038371 0.8343750000 0.4609375000 0.8515625000 0.4765625000
038530 0.7503076172 0.4162475586 0.7696282715 0.4326848633
038530 0.7725488281 0.4162475586 0.7914075195 0.4341352051
038995 0.6941259766 0.4586015625 0.7448681641 0.4997704102
039475 0.7967187500 0.4046450195 0.8170127441 0.4254331543
039475 0.8184765625 0.4060952148 0.8363672363 0.4259164551
039475 0.8440966797 0.4679765625 0.8619841797 0.4829633301
039565 0.6381835938 0.3466796875 0.6665039062 0.3710937500
039565 0.6459960938 0.4780273438 0.6650390625 0.4931640625
039663 0.5295751953 0.4387241211 0.5434242676 0.4523282227
040458 0.7020263672 0.4734062500 0.7233676758 0.4963653809
040935 0.6487841797 0.4520229492 0.6589379883 0.4612082520
041129 0.7661376953 0.4514663086 0.7742719238 0.4607669922
041141 0.6972656250 0.3235678711 0.7369791504 0.3626302246
041154 0.5447705078 0.2900966797 0.6022182617 0.3389246094
041562 0.7028662109 0.4600122070 0.7343493164 0.4895662109
042108 0.8833007812 0.4326171875 0.9301757812 0.4804687500
042136 0.0668173828 0.4375258789 0.1169301758 0.4953486328
042162 0.6538085938 0.4848632812 0.6860351562 0.5151367188
042381 0.6177148437 0.6863085937 0.6277919434 0.6963820801
042818 0.3790605469 0.4458779297 0.3996202148 0.4760742188
042829 0.5620117188 0.4672851562 0.5849609375 0.4882812500
043136 0.7600488281 0.4291733398 0.7857473145 0.4555149902
044151 0.3893227539 0.3886718750 0.4153645996 0.4127604004
044681 0.6562500000 0.4599609375 0.6752929688 0.4790039062
044820 0.5794287109 0.4830727539 0.6009114746 0.5026041504
045050 0.6621093750 0.3881835938 0.6811523438 0.4033203125
045641 0.5549414062 0.4793681641 0.5696650391 0.4898313477
045973 0.6826171875 0.4677734375 0.7026367188 0.4848632812
046232 0.9267578125 0.4892578125 0.9511718750 0.5131835938
046292 0.6269531250 0.4453125000 0.6655273438 0.4794921875
046360 0.5371093750 0.3535156250 0.5690120117 0.3821614746
046490 0.4401040039 0.3600258789 0.4602864746 0.3808593750
047022 0.1414467773 0.4776455078 0.1580874023 0.4940941406
047273 0.1276040039 0.3867187500 0.1588541504 0.4173177246
048536 0.8938818359 0.2805991211 0.9915380859 0.3867187500
048586 0.6992187500 0.2324218750 0.7662744141 0.2942709961
048796 0.6014062500 0.4863540039 0.6142063965 0.5013352051
050075 0.6274023438 0.4561166992 0.6351504883 0.4638671875
050075 0.6359277344 0.4557290039 0.6440662109 0.4638671875
050116 0.8085937500 0.4264321289 0.8515592773 0.4694010254
050549 0.0160618652 0.6495410156 0.0533254395 0.6970857422
050549 0.8265917969 0.5111474609 0.8393834961 0.5235459961
005080 0.9052587891 0.4840185547 0.9207598633 0.5022321289
052511 0.6405468750 0.3636411133 0.6694592773 0.3912674805
005288 0.5065087891 0.3997397461 0.5305989746 0.4205729004
005332 0.7172851562 0.4799804688 0.7338867188 0.4960937500
053912 0.9016943359 0.4811196289 0.9329427246 0.5110677246
054085 0.7102880859 0.4055991211 0.7278645996 0.4238281250
054608 0.8584570312 0.4550781250 0.8705989746 0.4683725098
005512 0.5261865234 0.3848427734 0.5544584473 0.4098992676
005512 0.5557421875 0.3848427734 0.5827243652 0.4079718262
055437 0.6020507812 0.3505859375 0.6254882812 0.3710937500
056272 0.5185546875 0.3369140625 0.5400390625 0.3564453125
056576 0.4876303711 0.4147133789 0.5045574219 0.4309895996
057064 0.8085937500 0.4916992188 0.8227539062 0.5039062500
057153 0.7416992188 0.3515625000 0.7685546875 0.3779296875
057153 0.8852539062 0.4096679688 0.9072265625 0.4301757812
057526 0.2592773438 0.4331054688 0.3227539062 0.4946289062
005773 0.7828125000 0.3875000000 0.8058593750 0.4078125000
057768 0.5221240234 0.4176982422 0.5429218750 0.4346186523
057768 0.5438769531 0.4167309570 0.5641792480 0.4336517578
005824 0.8886718750 0.4609375000 0.9069010254 0.4778645996
005841 0.7172851562 0.4501953125 0.7436523438 0.4716796875
058710 0.3859375000 0.4547626953 0.4074361328 0.4765279785
058878 0.8652343750 0.4902343750 0.8789062500 0.5052083496
059155 0.0844726562 0.4384765625 0.1777343750 0.5419921875
059242 0.3626303711 0.4479165039 0.4003906250 0.4811197754
059252 0.6282568359 0.2630209961 0.6783852539 0.3138022461
059623 0.0852099609 0.4901953125 0.1206341797 0.5294373047
005970 0.5792968750 0.3089843750 0.6207031250 0.3457031250
006017 0.7207031250 0.4283852539 0.7337239746 0.4407552246
060241 0.6560791016 0.4758803711 0.6731305664 0.4937065918
060522 0.6518164063 0.4689047852 0.6607297852 0.4774305664
060637 0.8901367188 0.4565429688 0.9418945312 0.5063476562
060637 0.5952148438 0.1381835938 0.6650390625 0.1918945312
060727 0.7792968750 0.4583334961 0.7981770996 0.4759114746
060801 0.3667968750 0.4617187500 0.3835937500 0.4773437500
061231 0.7910156250 0.3730468750 0.8118489746 0.3984375000
061275 0.3291015625 0.3759765625 0.3491210938 0.3950195312
061956 0.5863232422 0.4793681641 0.6029885742 0.4956442383
062025 0.5230908203 0.4544399414 0.5313080078 0.4626585938
062025 0.5327587891 0.4539565430 0.5404935059 0.4621751465
062713 0.1054687500 0.5258789062 0.1162109375 0.5405273438
062725 0.5878906250 0.3854165039 0.6119791504 0.4069010254
062965 0.6139306641 0.4433593750 0.6360677246 0.4622395996
063032 0.6555517578 0.4761953125 0.6739115234 0.4916652344
063084 0.2958413086 0.3877524414 0.3820083008 0.5284926758
063467 0.1966147461 0.4264321289 0.2278645996 0.4570312500
063574 0.6313818359 0.4587910156 0.6391166504 0.4689433594
063574 0.6395996094 0.4597578125 0.6502297852 0.4689433594
063659 0.5865869141 0.4752602539 0.6022135254 0.4915364746
063915 0.6772412109 0.4329677734 0.7179710449 0.4723184570
063915 0.6764550781 0.4722153320 0.7179777344 0.5112780273
064371 0.4570312500 0.4856772461 0.4811197754 0.5078125000
064423 0.7721337891 0.4973974609 0.7812500000 0.5084635254
006444 0.7353222656 0.4196318359 0.7522432129 0.4360689941
006444 0.7527246094 0.4201152344 0.7691460449 0.4360689941
064497 0.7025830078 0.4615419922 0.7285466309 0.4875062012
064554 0.2337929687 0.7786621094 0.2573985840 0.7964492676
064626 0.5254589844 0.4444467773 0.5373868164 0.4547119141
064626 0.5384960937 0.4444467773 0.5507070801 0.4544344727
065016 0.4967431641 0.3717446289 0.5247395996 0.3971354004
065179 0.5327587891 0.3137568359 0.5815864746 0.3548498535
065465 0.7227832031 0.4510175781 0.7574784180 0.4850688965
066019 0.7367724609 0.4868310547 0.7696472656 0.5100363770
066056 0.0286458496 0.2714843750 0.0462239746 0.2877604004
066398 0.8352880859 0.3912758789 0.8665364746 0.4244788574
066398 0.8736962891 0.4785156250 0.8932291504 0.4993489746
067316 0.9223632812 0.4750976562 0.9458007812 0.4995117188
067753 0.9492187500 0.3364257812 0.9697265625 0.3574218750
067791 0.0815947266 0.4825009766 0.1117906738 0.5204049805
067828 0.8580712891 0.4583334961 0.8880208496 0.4960937500
067855 0.5308251953 0.3712871094 0.5632227051 0.3983597656
068054 0.6116357422 0.4805717773 0.6476164063 0.5107680664
068359 0.6020507812 0.4956054688 0.6264648438 0.5161132812
069425 0.6308886719 0.4751054687 0.6463913574 0.4909939453
007092 0.8639306641 0.4576821289 0.8912760254 0.4817707031
071017 0.5554687500 0.4882812500 0.5652343750 0.4984375000
071597 0.8332910156 0.3379418945 0.9200249023 0.4208212891
072147 0.7985986328 0.5846533203 0.8165904785 0.6167763184
007268 0.7551416016 0.4868310547 0.7688492188 0.5022321289
073224 0.0537109375 0.4194335938 0.0830078125 0.4497070312
073838 0.4765625000 0.2250976562 0.5356445312 0.2744140625
074070 0.9079150391 0.4607246094 0.9243615723 0.4766785156
074722 0.0937500000 0.2905273438 0.1186523438 0.3256835938
074722 0.1655273438 0.4355468750 0.1875000000 0.4560546875
075227 0.3580727539 0.5429199219 0.3801616211 0.5622927734
075590 0.9736328125 0.4584960938 0.9916992188 0.4726562500
075881 0.0058013672 0.4761953125 0.0198213379 0.4902150391
076091 0.7174462891 0.4615883789 0.7363281250 0.4791666504
007622 0.9121972656 0.5482080078 0.9230162598 0.5620773926
007622 0.9463232422 0.5423779297 0.9571444336 0.5556964844
076474 0.0372023926 0.4836308594 0.0465029785 0.4948691895
076677 0.6053906250 0.4223339844 0.6219263672 0.4380913086
076734 0.4311938477 0.7108007813 0.4443116211 0.7270774902
076900 0.7440234375 0.4771621094 0.7517550781 0.4858640137
076966 0.0390625000 0.4720053711 0.0618489746 0.4967447754
077910 0.6325488281 0.4580410156 0.6428120605 0.4694160156
007807 0.8201416016 0.4493916016 0.8285657715 0.4636511230
078340 0.1292509766 0.3427543945 0.2345664062 0.4681757812
078589 0.7773437500 0.4218750000 0.8046875000 0.4458007812
078974 0.8196630859 0.4869790039 0.8567708496 0.5221354004
079332 0.3571157227 0.5170019531 0.4250917969 0.6548710937
079937 0.6139306641 0.4466147461 0.6419270996 0.4726562500
079939 0.0558593750 0.4242187500 0.1265625000 0.4976562500
080471 0.6962890625 0.4848632812 0.7065429688 0.4956054688
081422 0.6858154297 0.4785712891 0.6941361816 0.4868944336
081455 0.6556005859 0.2447915039 0.7174477539 0.2994790039
081949 0.6578955078 0.4670795898 0.6816663086 0.4882812500
082195 0.7663769531 0.4837539062 0.7780163574 0.4944251953
082461 0.3515625000 0.4537758789 0.3723958496 0.4720052246
082461 0.5833349609 0.4583334961 0.6048177246 0.4765625000
083208 0.3070585937 0.4525712891 0.3255208496 0.4826939453
083718 0.3042070312 0.4983593750 0.3204832031 0.5257259766
008375 0.8689453125 0.4676323242 0.8854652832 0.4843944336
083985 0.1723535156 0.4808437500 0.1898150391 0.5038024414
084289 0.8735351562 0.4316406250 0.9877929688 0.5595703125
084332 0.5781884766 0.4739428711 0.5929129395 0.4886687988
086605 0.8431005859 0.4160156250 0.8860677246 0.4563802246
086716 0.6893750000 0.4182514648 0.7497685547 0.4786440430
087068 0.9042968750 0.4453125000 0.9462890625 0.5087890625
008714 0.6770849609 0.2141928711 0.7434868164 0.2701821289
008739 0.0227864746 0.4082031250 0.0358072754 0.4199218750
087682 0.1868491211 0.4973974609 0.2070312500 0.5175781250
087682 0.7727880859 0.4941406250 0.7955729004 0.5130208496
008783 0.7075195312 0.4643554688 0.7172851562 0.4736328125
087919 0.4088540039 0.2858071289 0.4615883789 0.3307291504
088185 0.5089746094 0.4918359375 0.5222345703 0.5047728516
088333 0.6162109375 0.4501953125 0.6323242188 0.4643554688
088546 0.6797265625 0.4573408203 0.7067992187 0.4853805664
088586 0.6801757812 0.4936523438 0.7236328125 0.5317382812
088781 0.6928710938 0.2807617188 0.7250976562 0.3100585938
089174 0.8105468750 0.4544272461 0.8385416504 0.4804687500
089637 0.4114584961 0.4667968750 0.4251302246 0.4772135254
089637 0.5501318359 0.4700522461 0.5611979004 0.4811197754
089691 0.6173632812 0.5767529297 0.6686069336 0.6270302734
090411 0.2447832031 0.3199526367 0.2672701172 0.3687807617
090420 0.2058442383 0.2115883789 0.3820083008 0.3686044922
090420 0.2029716797 0.3647749023 0.3791362305 0.5294501953
090633 0.6790380859 0.4335937500 0.6894531250 0.4453125000
090648 0.5598974609 0.3730468750 0.6074218750 0.4127602539
090723 0.2281250000 0.4667968750 0.2375000000 0.4750000000
091281 0.8233105469 0.4302675781 0.8697207520 0.4752281738
091336 0.8122509766 0.4805307617 0.8312407227 0.5014569336
091569 0.7235107422 0.4611542969 0.7312600586 0.4696800781
091715 0.7109375000 0.4550781250 0.7734375000 0.5102539062
091876 0.6217138672 0.4708769531 0.6391166504 0.4873143555
092536 0.4186196289 0.4654946289 0.4394529785 0.4856772461
092707 0.8618164062 0.4121093750 0.9213867188 0.4721679688
093103 0.3919272461 0.4765625000 0.4251305176 0.5052083496
093416 0.3860678711 0.4746093750 0.4283854004 0.5143229004
093443 0.5317919922 0.3893398438 0.5535465820 0.4094792480
093709 0.5755224609 0.1803383789 0.6497397461 0.2350258789
093747 0.5553369141 0.2044272461 0.6282553711 0.2610678711
093783 0.1640625000 0.4340820312 0.1782226562 0.4545898438
093877 0.8454980469 0.4317436523 0.8936832031 0.4882812500
009399 0.6015087891 0.4499975586 0.6104332031 0.4587572266
094455 0.6533984375 0.4523027344 0.6623920410 0.4612973633
094455 0.6643212891 0.4529453125 0.6739566406 0.4625822266
094761 0.6575537109 0.3847656250 0.6835937500 0.4127604004
094825 0.6868505859 0.4121093750 0.7011718750 0.4257811035
094833 0.5755224609 0.3287758789 0.6139322754 0.3626302246
094833 0.5338525391 0.3255209961 0.5735677246 0.3619791504
094893 0.6269531250 0.4819335938 0.6396484375 0.4931640625
094893 0.6259765625 0.4975585938 0.6401367188 0.5097656250
094942 0.7359082031 0.4673549805 0.7622612793 0.4933196289
095386 0.8085937500 0.4459633789 0.8281250000 0.4661458496
096011 0.5269580078 0.4510556641 0.5380762695 0.4607248047
009633 0.8720703125 0.4960937500 0.8886718750 0.5122070312
097043 0.1725258789 0.5292968750 0.1809895996 0.5371093750
097378 0.6647119141 0.4750976562 0.6835937500 0.4954427246
098157 0.6191406250 0.4614257812 0.6513671875 0.4892578125
098318 0.6243505859 0.4830727539 0.6354166504 0.4921875000
098433 0.4563740234 0.3553334961 0.4964998535 0.3949760254
098447 0.2944335938 0.4995117188 0.3198242188 0.5239257812
098882 0.4980468750 0.3203125000 0.5358072754 0.3567709961
009902 0.0000000000 0.4641928711 0.0319010254 0.5052083496
000992 0.6723632812 0.4731445312 0.7006835938 0.5000000000
