010056 0.2209350586 0.4326850586 0.2286703125 0.4476717285
010056 0.6221972656 0.4529897461 0.6318649414 0.4636254883
010191 0.4589843750 0.5065087891 0.4654947754 0.5117187500
001031 0.7411230469 0.3930419922 0.7638458984 0.4186648926
010388 0.0390625000 0.4023437500 0.0846354004 0.4550781250
010426 0.3246586914 0.4499848633 0.3370097656 0.4604718750
010446 0.6718750000 0.5052099609 0.6848958496 0.5169270996
010446 0.8782568359 0.5078125000 0.8893229004 0.5195312500
010496 0.3839233398 0.2644453125 0.3992417480 0.3069887207
010502 0.2270893555 0.4231772461 0.2410404297 0.4406162598
001054 0.4684599609 0.4201152344 0.4819964355 0.4341352051
010570 0.0705292969 0.4092260742 0.0821552734 0.4262772949
010570 0.1158701172 0.4169765625 0.1259455566 0.4336402344
010570 0.7413330078 0.4429409180 0.7521856445 0.4549541016
010570 0.8661181641 0.4452661133 0.8761935547 0.4576667969
010705 0.1419272461 0.2695312500 0.1712239746 0.3183593750
010705 0.2298178711 0.3203125000 0.2473958496 0.3587239746
010705 0.2851562500 0.3541665039 0.2994791504 0.3854166504
011061 0.9189453125 0.4780273438 0.9355468750 0.4995117188
011061 0.9194335938 0.5014648438 0.9370117188 0.5219726562
011184 0.2747397461 0.2063803711 0.3229166504 0.2486981934
011184 0.4492187500 0.1829428711 0.5045571289 0.2265625000
011184 0.6380224609 0.1842446289 0.6914062500 0.2272135254
011381 0.1412758789 0.4746093750 0.1673177246 0.5084635254
011620 0.7465820312 0.4580078125 0.7827148438 0.4931640625
011620 0.7485351562 0.4946289062 0.7836914062 0.5317382812
011621 0.7672314453 0.4558901367 0.7764255371 0.4660423340
011623 0.6533203125 0.4565429688 0.6738281250 0.4770507812
011623 0.6528320312 0.4804687500 0.6723632812 0.5014648438
011642 0.7169189453 0.4844516602 0.7355224121 0.5022321289
011722 0.6014599609 0.4103500977 0.6198908203 0.4287820801
000117 0.7109375000 0.4145507812 0.7270507812 0.4316406250
000117 0.7622070312 0.4169921875 0.7788085938 0.4340820312
000117 0.8066406250 0.4208984375 0.8217773438 0.4365234375
001191 0.2701821289 0.4420571289 0.2975260254 0.4707031250
012001 0.3404746094 0.4654013672 0.3515621094 0.4785155273
012001 0.7432470703 0.4582031250 0.7634996094 0.4793769531
012047 0.3178613281 0.4078583984 0.3398820312 0.4432828613
012253 0.4177519531 0.4444907227 0.4309275879 0.4592168945
012339 0.0074218750 0.4726562500 0.0253906250 0.4980468750
012339 0.7628906250 0.5140625000 0.7675781250 0.5203125000
012529 0.1512714844 0.2853095703 0.1953125000 0.3322227539
012604 0.0478707031 0.2259497070 0.0966988281 0.2776499023
012614 0.3208007812 0.2216796875 0.3764648438 0.2714843750
012614 0.5097656250 0.2138671875 0.5683593750 0.2656250000
012614 0.6889648438 0.2255859375 0.7416992188 0.2768554688
012614 0.8515625000 0.2514648438 0.8925781250 0.2973632812
012686 0.0950864258 0.4407382812 0.1156455566 0.4645096680
012686 0.7664746094 0.3983344727 0.7831774414 0.4195363770
012858 0.0512695312 0.5014648438 0.0668945312 0.5229492188
013044 0.3844248047 0.4344155273 0.3944925781 0.4468161133
013044 0.5924072266 0.4934570313 0.6027524902 0.5031560547
013073 0.1046318359 0.4309277344 0.1135447266 0.4441034180
013073 0.1402841797 0.4297651367 0.1507471680 0.4433283691
013274 0.8997412109 0.3287758789 0.9257812500 0.3574218750
013274 0.9746093750 0.3424477539 0.9941406250 0.3678385254
001334 0.9231787109 0.3815102539 0.9394531250 0.4023437500
013456 0.7921728516 0.4773593750 0.8069490234 0.4940635254
013497 0.6156884766 0.4371894531 0.6289450684 0.4498008301
013497 0.7343603516 0.4472138672 0.7453528809 0.4588550293
013497 0.7751074219 0.4481840820 0.7870705566 0.4598251465
013701 0.9727343750 0.2479702148 0.9985830078 0.3063725586
013802 0.0550283203 0.4339560547 0.0662894043 0.4448784668
013802 0.0940991211 0.4378364258 0.1031534668 0.4498008301
013870 0.0616777344 0.4368833008 0.0770970215 0.4535875977
013870 0.2415708008 0.4690068359 0.2557051758 0.4857113281
013920 0.8254736328 0.4857495117 0.8363504395 0.4969490234
013931 0.8945312500 0.5903320312 0.9023437500 0.6020507812
013942 0.1074218750 0.3884550781 0.1236979004 0.4134114746
013942 0.1081445312 0.4141884766 0.1241252441 0.4407499512
000013 0.9038085938 0.4868164062 0.9189453125 0.5024414062
014092 0.5936718750 0.3906250000 0.6183284180 0.4162476562
014215 0.7154931641 0.4895849609 0.7584635254 0.5345068359
014359 0.6560791016 0.4483662109 0.6665437012 0.4584418457
014553 0.7827148438 0.4536132812 0.8144531250 0.4873046875
014553 0.7832031250 0.4941406250 0.8149414062 0.5283203125
014663 0.6074218750 0.4052734375 0.6250000000 0.4223632812
014663 0.7519531250 0.4311523438 0.7626953125 0.4448242188
014663 0.7631835938 0.4316406250 0.7734375000 0.4472656250
014724 0.3743491211 0.4630922852 0.3867497559 0.4754929199
014724 0.8389892578 0.4599916992 0.8517794922 0.4720052246
001507 0.6436767578 0.4565043945 0.6537543457 0.4654172852
001512 0.9559960938 0.4269702148 0.9695798340 0.4421656738
015332 0.9308837891 0.1398437500 0.9925180664 0.1945312500
015332 0.6387060547 0.4336508789 0.6501203613 0.4441881348
015332 0.5857128906 0.4331386719 0.5961678711 0.4439781250
015332 0.4199218750 0.4687500000 0.4307572754 0.4790419922
015375 0.4288173828 0.4568574219 0.4409034668 0.4679764648
015520 0.2431542969 0.4364936523 0.2559777344 0.4522766602
015520 0.2426611328 0.4537563477 0.2569641602 0.4700323730
015705 0.7599804688 0.3949760742 0.7831837891 0.4191483398
015779 0.3355122070 0.4554067383 0.3475985352 0.4699102539
015779 0.7140527344 0.4152807617 0.7314549805 0.4326848633
015991 0.5724023437 0.3553334961 0.6052753906 0.3901414551
016188 0.0275564453 0.3920751953 0.0468943359 0.4167308594
016275 0.7939453125 0.4765625000 0.8212890625 0.5063476562
001642 0.3925781250 0.3548178711 0.4257812500 0.3873697754
001642 0.4895849609 0.3554687500 0.5221354004 0.3860675781
001642 0.5846337891 0.3561196289 0.6184895996 0.3873697754
016686 0.4344155273 0.4603793945 0.4444909668 0.4723927246
016721 0.8704443359 0.2649741211 0.9179719727 0.3190102539
016840 0.6235351562 0.4721679688 0.6367187500 0.4838867188
016921 0.2866210938 0.1401367188 0.3706054688 0.2070312500
016921 0.3774414062 0.1303710938 0.4707031250 0.1992187500
017317 0.1103515625 0.4335937500 0.1357421875 0.4667968750
017317 0.1103515625 0.4677734375 0.1386718750 0.5004882812
017370 0.8803710938 0.3789062500 0.9160156250 0.4204101562
017370 0.8803710938 0.4291992188 0.9160156250 0.4697265625
017389 0.4192709961 0.3795571289 0.5078125000 0.4654946289
001747 0.0097656250 0.4108071289 0.0429687500 0.4498697754
001747 0.8255224609 0.4244790039 0.8450520996 0.4635416504
001747 0.3548178711 0.4309897461 0.3730468750 0.4485677246
017483 0.8795556641 0.4941406250 0.8984375000 0.5143229004
017488 0.2508422852 0.3973266602 0.2661611328 0.4145603516
017722 0.6728515625 0.4199218750 0.7065429688 0.4545898438
017722 0.6738281250 0.4589843750 0.7060546875 0.4936523438
001774 0.3193359375 0.4980468750 0.3286132812 0.5073242188
017857 0.0603168945 0.3197763672 0.0919117676 0.3609451660
017892 0.1232788086 0.3708037109 0.1503519531 0.4002939453
017912 0.1945375977 0.4483662109 0.2038380371 0.4580542969
017912 0.3049819336 0.4479785156 0.3150576660 0.4592168945
017912 0.3503222656 0.4456533203 0.3607855957 0.4584418457
017924 0.6284814453 0.4452543945 0.6371827637 0.4563737305
017968 0.2885742188 0.4916992188 0.2993164062 0.5029296875
017968 0.2880859375 0.5063476562 0.2993164062 0.5180664062
017985 0.7414160156 0.3148129883 0.7780376465 0.3540039062
017985 0.8609179688 0.3302324219 0.8949681152 0.3674958984
018071 0.6406250000 0.4711914062 0.6547851562 0.4853515625
018071 0.6220703125 0.4746093750 0.6333007812 0.4868164062
018071 0.5747070312 0.4736328125 0.5820312500 0.4799804688
018087 0.6886718750 0.4152343750 0.6968750000 0.4230468750
018192 0.9062500000 0.4088540039 0.9583334961 0.4667968750
018247 0.7454443359 0.3860678711 0.7688802246 0.4108072754
018247 0.8098974609 0.3925781250 0.8307291504 0.4153645996
018247 0.8684912109 0.3984375000 0.8867187500 0.4212239746
018506 0.3616181641 0.4259165039 0.3746712402 0.4384863281
018605 0.2096738281 0.2604165039 0.2374387207 0.3197763672
018639 0.4533247070 0.4563764648 0.4613703125 0.4652543457
018660 0.5182275391 0.2838540039 0.5664062500 0.3294270996
018661 0.7416992188 0.4882812500 0.7587890625 0.5073242188
018678 0.5693359375 0.4433593750 0.5893554688 0.4633789062
018678 0.3129882812 0.4584960938 0.3256835938 0.4731445312
018720 0.6958007812 0.3247070312 0.7280273438 0.3593750000
001891 0.6826269531 0.4418701172 0.6922958008 0.4539565430
001891 0.7962353516 0.4471884766 0.8049389160 0.4578241211
001891 0.8324951172 0.4496054688 0.8402305176 0.4602413574
018935 0.0419921875 0.4462890625 0.0502929688 0.4560546875
018935 0.1928710938 0.4335937500 0.2060546875 0.4467773438
018935 0.2065429688 0.4331054688 0.2207031250 0.4462890625
001935 0.1230468750 0.6178369141 0.1334635254 0.6393229004
001935 0.1236977539 0.6386718750 0.1341145996 0.6575520996
019630 0.4858398438 0.3784179688 0.4975585938 0.3896484375
019630 0.5322265625 0.3779296875 0.5434570312 0.3891601562
019630 0.5761718750 0.3769531250 0.5869140625 0.3896484375
019713 0.1743164062 0.4106445312 0.1884765625 0.4277343750
019713 0.4516601562 0.3911132812 0.4755859375 0.4145507812
019713 0.4750976562 0.3901367188 0.5000000000 0.4160156250
019715 0.1528320312 0.4833984375 0.1616210938 0.5009765625
019973 0.6379980469 0.4459204102 0.6483469727 0.4562681152
020015 0.7254882812 0.3880551758 0.7454638184 0.4083806641
020038 0.8564453125 0.3813476562 0.8730468750 0.3984375000
020038 0.9072265625 0.3872070312 0.9218750000 0.4047851562
020038 0.9506835938 0.3925781250 0.9633789062 0.4091796875
020038 0.9897460938 0.3984375000 1.0000000000 0.4140625000
002007 0.1561215820 0.3475791016 0.1728258789 0.3758480469
020351 0.1394169922 0.4047592773 0.1561214844 0.4259611328
000204 0.6103515625 0.4483662109 0.6204271973 0.4603794434
020605 0.6628076172 0.2049814453 0.6879447754 0.2745976562
020670 0.9187255859 0.4856381836 0.9321002441 0.4989163086
020874 0.2248662109 0.4034746094 0.2390008301 0.4208213379
020942 0.5716162109 0.4602866211 0.5872395996 0.4752604004
020942 0.5709619141 0.4772133789 0.5872395996 0.4928385254
020942 0.3951821289 0.5136718750 0.4055989746 0.5240885254
020974 0.1614584961 0.4531250000 0.1790364746 0.4746093750
020986 0.6235351562 0.4184570312 0.6523437500 0.4492187500
020986 0.6000976562 0.4428710938 0.6323242188 0.4731445312
020986 0.6455078125 0.4438476562 0.6743164062 0.4731445312
020986 0.4506835938 0.5004882812 0.4619140625 0.5112304688
021005 0.2473530273 0.3520766602 0.2814041992 0.3867701660
021032 0.7122412109 0.3671875000 0.7324218750 0.3860677246
021032 0.8294287109 0.3782553711 0.8450520996 0.3958333496
002105 0.7996093750 0.3214843750 0.8339843750 0.3601562500
002105 0.5324218750 0.3109375000 0.5738281250 0.3519531250
002105 0.3902343750 0.3148437500 0.4300781250 0.3566406250
021126 0.5666650391 0.4651523437 0.5782213379 0.4844258789
021126 0.8834033203 0.4407382812 0.8981805176 0.4587273926
021126 0.0777397461 0.2955385742 0.1098632812 0.3482216797
002126 0.0177850586 0.4724365234 0.0313664062 0.4847242187
002126 0.7081689453 0.4659692383 0.7236910156 0.4827840332
021290 0.6246093750 0.3199218750 0.6445312500 0.3445312500
021290 0.4796875000 0.2980468750 0.5054687500 0.3269531250
021290 0.2738281250 0.2804687500 0.3058593750 0.3121093750
021392 0.3640356445 0.4631420898 0.3824063965 0.4829633301
021529 0.7871093750 0.3818359375 0.8144531250 0.4111328125
021529 0.7080078125 0.3759765625 0.7387695312 0.4091796875
021529 0.3388671875 0.4707031250 0.3618164062 0.4936523438
002170 0.8203125000 0.4916992188 0.8291015625 0.5004882812
002170 0.8198242188 0.5019531250 0.8295898438 0.5126953125
021745 0.5998876953 0.4379028320 0.6068638184 0.4460410645
021840 0.2505654297 0.3148129883 0.2646998535 0.3501490723
021960 0.6064990234 0.4542299805 0.6154918457 0.4638671875
022037 0.6081738281 0.4520229492 0.6163946289 0.4612082520
022069 0.7817382812 0.3881835938 0.8056640625 0.4135742188
022069 0.8544921875 0.3999023438 0.8745117188 0.4252929688
022069 0.9208984375 0.4106445312 0.9394531250 0.4331054688
022212 0.4296875000 0.4980468750 0.4672851562 0.5371093750
022219 0.4100756836 0.4046586914 0.4282665527 0.4276364258
022284 0.7167968750 0.3496093750 0.7467479980 0.3821614746
022286 0.6334814453 0.4979199219 0.6506822266 0.5132560547
022305 0.3732207031 0.4215654297 0.3906250000 0.4384862305
022415 0.6347558594 0.4235625000 0.6491084473 0.4379027344
022576 0.4410034180 0.4654174805 0.4483662109 0.4735553223
022599 0.0865371094 0.4312343750 0.0942722656 0.4438041504
022599 0.4834467773 0.4505722656 0.4906984863 0.4592744629
022599 0.8131591797 0.3944926758 0.8218595215 0.4118966797
022673 0.9023437500 0.4550781250 0.9563803711 0.5273437500
022673 0.9088525391 0.5292968750 0.9615883789 0.6022133789
022696 0.6084228516 0.4805717773 0.6212736328 0.4921360840
002273 0.9212255859 0.2897133789 0.9524739746 0.3261718750
022748 0.6864941406 0.4283339844 0.6995475098 0.4447710449
002298 0.5480468750 0.4585937500 0.5800781250 0.4929687500
002298 0.7773437500 0.4839843750 0.7937500000 0.5027343750
023088 0.6425781250 0.4902343750 0.6606445312 0.5073242188
023088 0.6435546875 0.5107421875 0.6611328125 0.5288085938
002315 0.9003906250 0.4311523438 0.9296875000 0.4672851562
002315 0.9023437500 0.4692382812 0.9311523438 0.5068359375
023170 0.8836914062 0.3743491211 0.9105009277 0.4011565430
023198 0.6822900391 0.5117187500 0.7005208496 0.5299479004
023198 0.6829443359 0.5299462891 0.7005208496 0.5475244141
023320 0.5566406250 0.4726562500 0.5636718750 0.4812500000
023320 0.6515625000 0.4667968750 0.6621093750 0.4773437500
023320 0.7394531250 0.4683593750 0.7500000000 0.4789062500
023651 0.4131015625 0.4088388672 0.4313150879 0.4274398437
023686 0.8463525391 0.2903647461 0.8743489746 0.3235677246
023686 0.9316406250 0.3066406250 0.9550781250 0.3372395996
023991 0.6913037109 0.4323857422 0.7086502930 0.4484478027
024019 0.4835937500 0.4332031250 0.4945312500 0.4437500000
024019 0.5148437500 0.4328125000 0.5253906250 0.4429687500
024019 0.5453125000 0.4320312500 0.5562500000 0.4421875000
024352 0.0410929688 0.4771621094 0.0613977539 0.5008508789
024425 0.8068750000 0.3780551758 0.8320119141 0.4036780762
002443 0.0234375000 0.4692382812 0.0698242188 0.5214843750
024448 0.6967773438 0.4306640625 0.7358398438 0.4746093750
024448 0.7373046875 0.4350585938 0.7734375000 0.4804687500
024550 0.3514848633 0.4193017578 0.3693111328 0.4363529297
024747 0.8750292969 0.4212392578 0.8889818848 0.4398406738
024764 0.1243955078 0.4704550781 0.1340835938 0.4886687988
024804 0.4570312500 0.4511718750 0.4663085938 0.4624023438
024804 0.1562500000 0.4425781250 0.1613281250 0.4542968750
025091 0.5843750000 0.4636718750 0.6082031250 0.4867187500
025226 0.4212241211 0.4628906250 0.4388020996 0.4811197754
025271 0.6770849609 0.4687500000 0.6979166504 0.4889322754
025332 0.3580727539 0.4453125000 0.3828125000 0.4713541504
025510 0.8846875000 0.4439506836 0.9129561523 0.5130830078
025579 0.2596108398 0.4056118164 0.2663791992 0.4225324707
002560 0.8842773438 0.4062500000 0.9023437500 0.4262695312
002560 0.8833007812 0.4272460938 0.9008789062 0.4477539062
002569 0.2163754883 0.3437119141 0.2489276855 0.3781786133
025722 0.3207031250 0.2855468750 0.3503906250 0.3132812500
025722 0.7007812500 0.3000000000 0.7261718750 0.3269531250
025839 0.8967919922 0.4418701172 0.9083964844 0.4534730957
025839 0.9369189453 0.4452543945 0.9461053711 0.4578241211
025883 0.8255810547 0.3976923828 0.8377878418 0.4150390625
002591 0.7343750000 0.4335937500 0.7451171875 0.4423828125
002591 0.7338867188 0.4423828125 0.7436523438 0.4526367188
002604 0.5605468750 0.4628906250 0.5679687500 0.4699218750
026065 0.5812890625 0.4565043945 0.5882646973 0.4646422363
026112 0.6372070312 0.4736328125 0.6699218750 0.5068359375
026127 0.7060546875 0.4643554688 0.7148437500 0.4746093750
026127 0.7065429688 0.4765625000 0.7143554688 0.4853515625
026176 0.8224169922 0.3149892578 0.8932675781 0.3973266602
026234 0.1025390625 0.4355468750 0.1240234375 0.4628906250
026234 0.8031250000 0.4820312500 0.8078125000 0.4878906250
026325 0.7484814453 0.3970498047 0.7696854492 0.4176089844
026582 0.4310454102 0.4611186523 0.4410699707 0.4721129883
026615 0.9815576172 0.4896679688 0.9995885254 0.5146372559
026628 0.5058593750 0.4941406250 0.5240885254 0.5117187500
002666 0.2958408203 0.2527573242 0.3360523926 0.2939261719
027179 0.1799936523 0.4183901367 0.2182904297 0.4873237305
027234 0.3441220703 0.4873237305 0.3584608398 0.5016850586
027237 0.1323500977 0.4389697266 0.1394171387 0.4539565430
027237 0.4462211914 0.4439506836 0.4567997070 0.4544399902
002736 0.7768554688 0.4477539062 0.7856445312 0.4580078125
002736 0.5961914062 0.4584960938 0.6030273438 0.4653320312
027505 0.2256455078 0.4673974609 0.2340915039 0.4773446777
027505 0.0998334961 0.4603364258 0.1130742676 0.4726231934
027505 0.0937500000 0.4679687500 0.0988281250 0.4746093750
027865 0.6235253906 0.4293774414 0.6394159180 0.4452660156
027865 0.6739062500 0.4320903320 0.6874689941 0.4456535156
027969 0.6264648438 0.5048828125 0.6411132812 0.5195312500
027969 0.6269531250 0.5224609375 0.6406250000 0.5361328125
027983 0.7167968750 0.2200522461 0.7760415039 0.2766928711
028040 0.4147133789 0.3938803711 0.4342447754 0.4134114746
028040 0.5065087891 0.3899741211 0.5260416504 0.4101562500
028218 0.8154296875 0.3950195312 0.8847656250 0.4765625000
028218 0.8168945312 0.4843750000 0.8862304688 0.5625000000
028229 0.3789062500 0.3580727539 0.3990885254 0.3776041504
028229 0.5110693359 0.3580727539 0.5312500000 0.3789062500
028320 0.3546464844 0.4632246094 0.3681383789 0.4760742188
028351 0.8411474609 0.4934912109 0.8619791504 0.5169270996
028592 0.6308984375 0.4389697266 0.6415347168 0.4500889648
028617 0.9153662109 0.2698569336 0.9332682129 0.2884116211
028763 0.0569663086 0.4022509766 0.0716920898 0.4208519531
028763 0.3483847656 0.4224018555 0.3623353027 0.4390652344
028763 0.4022509766 0.4227895508 0.4173642090 0.4386780762
028808 0.3876953125 0.4965820312 0.3959960938 0.5058593750
028808 0.5981445312 0.4487304688 0.6142578125 0.4663085938
028808 0.5869140625 0.4653320312 0.6030273438 0.4814453125
028808 0.6098632812 0.4648437500 0.6264648438 0.4829101562
029002 0.6748632812 0.4281352539 0.6903844238 0.4430101563
029123 0.7394873047 0.3777753906 0.7561934570 0.3976922363
002915 0.3790605469 0.4233911133 0.3944798340 0.4407380859
029175 0.6743212891 0.4145478516 0.6944291992 0.4336962402
029297 0.4109375000 0.4746093750 0.4183593750 0.4820312500
029297 0.4828125000 0.4753906250 0.4890625000 0.4828125000
029363 0.6302099609 0.4736328125 0.6481119629 0.4925130371
029363 0.7952490234 0.4882812500 0.8079443359 0.5013004395
029389 0.2534179688 0.3115234375 0.2895507812 0.3486328125
029491 0.7265625000 0.4244790039 0.7486979004 0.4459633789
029491 0.7278662109 0.4498696289 0.7493489746 0.4726562500
029491 0.7285156250 0.4765625000 0.7519531250 0.4993485352
029507 0.4297651367 0.4510791016 0.4379030273 0.4599919434
029550 0.6463916016 0.4413906250 0.6580170898 0.4541790527
029597 0.0815429688 0.4863281250 0.0971679688 0.5097656250
029597 0.0791015625 0.5146484375 0.0952148438 0.5375976562
029597 0.9770507812 0.4858398438 0.9843750000 0.4946289062
029597 0.9785156250 0.5146484375 0.9843750000 0.5209960938
029849 0.7729492188 0.4394531250 0.7851562500 0.4516601562
029849 0.7392578125 0.4780273438 0.7519531250 0.4897460938
029849 0.6157226562 0.4833984375 0.6210937500 0.4902343750
029998 0.6627587891 0.4010415039 0.6803385254 0.4192708496
029998 0.7115869141 0.4029946289 0.7285156250 0.4212239746
029998 0.7578125000 0.4062500000 0.7727864746 0.4225260254
029998 0.7994775391 0.4088540039 0.8151041504 0.4270833496
000002 0.6332031250 0.3757812500 0.6562500000 0.4015625000
000002 0.4125000000 0.3792968750 0.4363281250 0.4035156250
030029 0.6479394531 0.4355776367 0.6611137695 0.4491412598
030178 0.6386474609 0.4206977539 0.6561077148 0.4388063965
030178 0.7075244141 0.4232846680 0.7246867188 0.4384830078
030205 0.6660156250 0.4563803711 0.6868489746 0.4759114746
030205 0.7154931641 0.5143212891 0.7265625000 0.5253906250
030649 0.0415764160 0.3113398438 0.0725170410 0.3548499512
030649 0.9161328125 0.4447709961 0.9248336914 0.4549234375
030766 0.0501215820 0.4368833008 0.0633800293 0.4494774414
030766 0.0006424756 0.4378364258 0.0113177686 0.4540046875
030838 0.4335937500 0.4096679688 0.4536132812 0.4287109375
030838 0.4868164062 0.4072265625 0.5053710938 0.4262695312
030838 0.5380859375 0.4067382812 0.5581054688 0.4257812500
031005 0.1394169922 0.3154555664 0.1728258789 0.3552891113
031445 0.3563002930 0.4375195312 0.3650023438 0.4462213867
031516 0.0434027832 0.4332529297 0.0546410156 0.4483662109
031602 0.3427636719 0.4162475586 0.3616182129 0.4365523438
031641 0.6054687500 0.5162744141 0.6152343750 0.5260416504
031728 0.4311523438 0.3730468750 0.4550781250 0.3969726562
031728 0.5083007812 0.3720703125 0.5332031250 0.3964843750
031728 0.5830078125 0.3725585938 0.6074218750 0.3964843750
031728 0.6596679688 0.3740234375 0.6831054688 0.3979492188
003174 0.0742187500 0.3391928711 0.0976562500 0.3776041504
003174 0.1458334961 0.3639321289 0.1640622070 0.3945308105
031755 0.5136718750 0.4856772461 0.5384114746 0.5104166504
031765 0.3840371094 0.4282148438 0.4007010742 0.4433283691
031779 0.7643212891 0.4824218750 0.7773437500 0.4967447754
031779 0.7649755859 0.4967431641 0.7786458496 0.5084635254
031801 0.3843750000 0.2976562500 0.4230468750 0.3339843750
031801 0.5144531250 0.2941406250 0.5542968750 0.3296875000
031801 0.6390625000 0.2941406250 0.6773437500 0.3304687500
031998 0.2025639648 0.4655590820 0.2122332031 0.4800626465
032067 0.2823330078 0.4186650391 0.2944190918 0.4317179688
032097 0.8442138672 0.2261513672 0.8776212891 0.3000361328
000321 0.4404296875 0.4765625000 0.4531250000 0.4902343750
000321 0.8774414062 0.4921875000 0.8891601562 0.5078125000
032277 0.9335351563 0.2257695312 0.9760790527 0.2891010742
032356 0.3715463867 0.4310454102 0.3877146973 0.4468905273
032521 0.7044287109 0.4153647461 0.7187500000 0.4335937500
032521 0.7506494141 0.4186196289 0.7643229004 0.4361979004
003299 0.8134765625 0.4858398438 0.8261718750 0.4985351562
033075 0.8830664062 0.4450019531 0.8920242676 0.4549893555
033106 0.5375488281 0.4154599609 0.5559598145 0.4329497070
033106 0.5949218750 0.4175781250 0.6107166504 0.4341139648
033292 0.7197265625 0.4829101562 0.7436523438 0.5092773438
033292 0.7197265625 0.5136718750 0.7431640625 0.5395507812
033768 0.6826269531 0.4293007812 0.6961633789 0.4452544922
033887 0.9804150391 0.4471625977 0.9881270508 0.4593698730
033902 0.7465576172 0.4150390625 0.7658306152 0.4343133301
033967 0.5927734375 0.4907226562 0.6005859375 0.4990234375
034063 0.1582031250 0.4218750000 0.1787109375 0.4492187500
003448 0.6705712891 0.4632163086 0.6848958496 0.4785156250
003448 0.7988281250 0.4723305664 0.8082682129 0.4824218750
034548 0.6690429688 0.4201787109 0.6787437500 0.4333091797
003457 0.3829155273 0.3906250000 0.4002621094 0.4097732910
034605 0.6922949219 0.4196318359 0.7096998535 0.4399365723
034626 0.5831835937 0.4688925781 0.6078353027 0.4935447266
034636 0.8785156250 0.4515625000 0.9207031250 0.5285156250
034665 0.6115625000 0.4520229492 0.6197787598 0.4626585938
034711 0.4196318359 0.4486386719 0.4312345215 0.4597579102
034771 0.2832031250 0.4746093750 0.3105468750 0.5006510254
034867 0.2584633789 0.4570312500 0.3066406250 0.5084633789
034867 0.7018212891 0.4876303711 0.7141927246 0.4986979004
034867 0.7011718750 0.5000000000 0.7135416504 0.5130208496
034962 0.6860107422 0.4413867188 0.6966468262 0.4534730957
034962 0.7135693359 0.4428374023 0.7261370605 0.4558903320
035034 0.7861328125 0.4723564453 0.8020386719 0.4890853027
035059 0.6645507812 0.4633789062 0.6962890625 0.4941406250
035059 0.6669921875 0.4941406250 0.6977539062 0.5258789062
035089 0.8622412109 0.4100014648 0.8808438965 0.4309275879
035157 0.7812500000 0.4529453125 0.7992393066 0.4728618652
035161 0.7691406250 0.3867187500 0.7835937500 0.4023437500
035161 0.8152343750 0.3898437500 0.8285156250 0.4050781250
035161 0.8585937500 0.3937500000 0.8718750000 0.4082031250
035419 0.8159423828 0.4529453125 0.8493523926 0.4869962891
035648 0.7860351562 0.4021137695 0.8042279297 0.4375382812
035743 0.7812500000 0.3838569336 0.8049389160 0.4109297852
035824 0.6313476562 0.4921875000 0.6416015625 0.5034179688
035857 0.6708984375 0.4526367188 0.7084960938 0.4916992188
035857 0.6718750000 0.4926757812 0.7104492188 0.5312500000
035984 0.9804687500 0.4663085938 0.9892578125 0.4750976562
035984 0.9809570312 0.4770507812 0.9897460938 0.4858398438
036046 0.2177993164 0.2441406250 0.2640573730 0.2878282227
036091 0.1790366211 0.2695312500 0.2024739746 0.3105468750
036091 0.2402343750 0.3046875000 0.2578125000 0.3404947754
036091 0.2845053711 0.3333334961 0.2981770996 0.3639322754
036167 0.6914062500 0.3665366211 0.7102864746 0.3860677246
036167 0.7460937500 0.3691406250 0.7636718750 0.3880208496
036167 0.7981787109 0.3730468750 0.8151041504 0.3919270996
036180 0.6796875000 0.3756508789 0.6979166504 0.3932291504
036180 0.7324218750 0.3782553711 0.7480468750 0.3984375000
036180 0.7812500000 0.3828125000 0.7962239746 0.3990885254
036185 0.6574853516 0.3795058594 0.6816599609 0.4056118652
036185 0.7425732422 0.3848237305 0.7652962402 0.4089964844
036412 0.1567641602 0.5081982422 0.1644736816 0.5345394531
036412 0.6219140625 0.5004882812 0.6366910156 0.5268297852
036465 0.4694160156 0.4496054688 0.4777388184 0.4591508301
036546 0.8884814453 0.3389248047 0.9152879883 0.3724341309
036550 0.4224018555 0.4518540039 0.4317026367 0.4615420410
036685 0.7070312500 0.4785156250 0.7250976562 0.4975585938
003668 0.6499023438 0.3916015625 0.6845703125 0.4272460938
003668 0.6503906250 0.4267578125 0.6845703125 0.4609375000
036786 0.0084635254 0.3450522461 0.0325520996 0.3776041504
036786 0.0813803711 0.3639321289 0.1002604004 0.3932291504
036786 0.1393227539 0.3789062500 0.1549479004 0.4049479004
036857 0.4203745117 0.4423632813 0.4307222656 0.4530344727
003691 0.7818994141 0.4658203125 0.7958968262 0.4811197754
003691 0.8759765625 0.4355468750 0.8896484375 0.4505208496
036945 0.2306484375 0.1137182617 0.2685546875 0.1953125000
036945 0.3238076172 0.2165141602 0.3437243164 0.2756220703
036966 0.7845068359 0.4869790039 0.8027343750 0.5058593750
036966 0.7845068359 0.5065087891 0.8020833496 0.5227848633
037039 0.7414062500 0.2500000000 0.7859375000 0.2921875000
037039 0.5324218750 0.2382812500 0.5820312500 0.2824218750
037039 0.3109375000 0.2488281250 0.3609375000 0.2941406250
037040 0.2210117188 0.3501489258 0.2512078613 0.3854852051
037104 0.4658203125 0.4838867188 0.4843750000 0.5034179688
037113 0.4481552734 0.4317177734 0.4607248047 0.4418703613
037124 0.9350585938 0.3100585938 0.9990234375 0.3945312500
037124 0.3315429688 0.5000000000 0.3481445312 0.5185546875
037172 0.4280131836 0.3772319336 0.4514507324 0.3998325684
037172 0.4944189453 0.3755581055 0.5181354980 0.3987165039
037172 0.5622216797 0.3750000000 0.5851011230 0.3984375000
037451 0.6679687500 0.3820312500 0.6843750000 0.3980468750
037451 0.7179687500 0.3816406250 0.7339843750 0.3984375000
037451 0.7664062500 0.3828125000 0.7816406250 0.3984375000
037460 0.7348632812 0.4965820312 0.7514648438 0.5156250000
037460 0.2968750000 0.5058593750 0.3154296875 0.5244140625
037727 0.4176088867 0.3886977539 0.4381681641 0.4118267090
037789 0.1798115234 0.4499165039 0.1918247559 0.4626585938
037789 0.3770615234 0.4778178711 0.3851996582 0.4863436035
037789 0.3774492187 0.4878935547 0.3859747070 0.4960317383
038030 0.3949760742 0.4496054688 0.4109297852 0.4655592285
038053 0.8537158203 0.5917529297 0.8719312500 0.6122892090
038062 0.1715463867 0.5438085938 0.1868863770 0.5604431641
038142 0.4116210938 0.3896484375 0.4291992188 0.4067382812
038199 0.1406250000 0.4506835938 0.1586914062 0.4868164062
038199 0.1411132812 0.4873046875 0.1586914062 0.5234375000
038365 0.2843520508 0.2269072266 0.3073299805 0.2795649414
038527 0.7475585938 0.4707031250 0.7558593750 0.4946289062
038731 0.4503750000 0.4400957031 0.4600123535 0.4529451172
038731 0.9335156250 0.3527187500 0.9508634766 0.3790604492
038747 0.3128906250 0.4675781250 0.3214843750 0.4765625000
038747 0.3835937500 0.4699218750 0.3953125000 0.4820312500
039248 0.4462211914 0.4326850586 0.4703937012 0.4641088867
039338 0.1020507812 0.3925781250 0.1166992188 0.4165039062
039338 0.1303710938 0.4956054688 0.1362304688 0.5014648438
039338 0.6728515625 0.4868164062 0.6840820312 0.4985351562
039382 0.7195312500 0.4287109375 0.7535156250 0.4648437500
039382 0.7172851562 0.4667968750 0.7485351562 0.4995117188
039591 0.6553027344 0.4332529297 0.6665426758 0.4464285645
039610 0.9519531250 0.4832031250 0.9597656250 0.4929687500
039762 0.6806933594 0.4234995117 0.6961633789 0.4394531250
039762 0.8150927734 0.4389697266 0.8262105469 0.4515393066
039762 0.8503808594 0.4399365234 0.8624610840 0.4520231445
039993 0.6507177734 0.4355854492 0.6642511719 0.4496055176
039993 0.7701318359 0.4481552734 0.7788327637 0.4583075684
039993 0.8015527344 0.4476718750 0.8112236816 0.4592744629
040008 0.0891538086 0.5606738281 0.0986279785 0.5745199707
004001 0.7903662109 0.4277343750 0.8138020996 0.4641927246
040022 0.8630175781 0.4371279297 0.8727058594 0.4487537109
040022 0.9459472656 0.4456533203 0.9544735840 0.4565041992
040022 0.9769482422 0.4487539063 0.9858588867 0.4572793945
040043 0.6591796875 0.4227485352 0.6733141602 0.4343133301
040087 0.0043945312 0.4238281250 0.0170898438 0.4404296875
040168 0.3646606445 0.4297651367 0.3782242188 0.4429408691
040168 0.4123261719 0.4282148438 0.4278273926 0.4425533203
040179 0.5312890625 0.4510791016 0.5417488770 0.4599919434
040428 0.8467822266 0.4458779297 0.8834033203 0.4869961426
040486 0.4423828125 0.4228515625 0.4589843750 0.4379882812
040588 0.0986328125 0.3920898438 0.1079101562 0.4082031250
040588 0.3134765625 0.3637695312 0.3344726562 0.3872070312
040588 0.3349609375 0.3623046875 0.3530273438 0.3857421875
040879 0.3784179688 0.3920898438 0.3989257812 0.4135742188
040879 0.7128906250 0.3901367188 0.7309570312 0.4101562500
040879 0.7329101562 0.3901367188 0.7519531250 0.4116210938
040890 0.6357324219 0.4447709961 0.6439511230 0.4529896484
040995 0.4498696289 0.2447915039 0.5039062500 0.2916666504
041052 0.3098891602 0.3882080078 0.3321279297 0.4089959961
041097 0.6359277344 0.3836494141 0.6603422852 0.4088386719
041097 0.7870605469 0.4379028320 0.8006262207 0.4510788574
041097 0.7862890625 0.4510791016 0.7998511719 0.4638671875
041137 0.6260351562 0.4436567383 0.6367058105 0.4540045410
041139 0.6835937500 0.4243398438 0.6963820801 0.4371279785
041274 0.0603925781 0.3180253906 0.0880191406 0.3578587402
041321 0.7309570312 0.4926757812 0.7485351562 0.5107421875
041372 0.7951367188 0.4756206055 0.8214824707 0.5050779297
041372 0.6409179687 0.4820869141 0.6496293457 0.4922650391
041372 0.7121875000 0.4800781250 0.7211975586 0.4891537598
041372 0.5442431641 0.4876948242 0.5500176758 0.4941419922
041462 0.4644531250 0.4859375000 0.4703125000 0.4914062500
041568 0.6118164062 0.4907226562 0.6279296875 0.5097656250
041626 0.3906250000 0.4312343750 0.4041615234 0.4486386230
041747 0.2675781250 0.4641928711 0.2786458496 0.4824218750
041889 0.8281250000 0.4570312500 0.8378906250 0.4778645996
041895 0.2117187500 0.4722656250 0.2246093750 0.4855468750
041959 0.9560546875 0.4892578125 0.9731445312 0.5053710938
041963 0.4609375000 0.4342446289 0.4739583496 0.4472656250
041963 0.5097656250 0.4329428711 0.5240885254 0.4459635254
041963 0.5585937500 0.4316406250 0.5729166504 0.4459635254
042060 0.0449528809 0.4231772461 0.0561911133 0.4398408203
042293 0.4398408203 0.4472036133 0.4514664063 0.4588293457
042329 0.3808593750 0.4960937500 0.3901367188 0.5039062500
042332 0.6393212891 0.4407553711 0.6712239746 0.4908852539
004233 0.0164372070 0.3224589844 0.0459274414 0.3654857910
042515 0.6660156250 0.4521484375 0.6787109375 0.4648437500
042515 0.8051757812 0.4628906250 0.8144531250 0.4736328125
042515 0.8144531250 0.4633789062 0.8242187500 0.4741210938
004256 0.5434570312 0.4013671875 0.5639648438 0.4223632812
004256 0.8813476562 0.3964843750 0.8999023438 0.4165039062
004256 0.9018554688 0.3974609375 0.9194335938 0.4169921875
042804 0.7114257812 0.4594726562 0.7294921875 0.4750976562
042877 0.9114599609 0.4830727539 0.9212239746 0.5032552246
042881 0.5678710938 0.4624023438 0.5795898438 0.4746093750
042881 0.5678710938 0.4775390625 0.5795898438 0.4902343750
043074 0.2412685547 0.4595585938 0.2623314941 0.4796645020
004323 0.0299736816 0.4776455078 0.0449605469 0.4931157227
004323 0.7227539063 0.4641088867 0.7367729004 0.4844136719
043248 0.6227539063 0.4344155273 0.6355406738 0.4483662109
043248 0.7638134766 0.4355776367 0.7765997070 0.4483662109
043326 0.4726562500 0.4117187500 0.4875000000 0.4269531250
043326 0.5167968750 0.4109375000 0.5316406250 0.4253906250
043326 0.5593750000 0.4101562500 0.5757812500 0.4246093750
043479 0.0087020508 0.4428374023 0.0178875488 0.4539565430
043598 0.4089960938 0.4346186523 0.4239828125 0.4496055176
043792 0.2924804688 0.2548828125 0.3129882812 0.3071289062
043833 0.0364583496 0.2356772461 0.0677083496 0.2799479004
043833 0.1217446289 0.2753906250 0.1438802246 0.3144531250
043833 0.1809897461 0.3066406250 0.1979166504 0.3398438965
043852 0.6100244141 0.2539062500 0.6614555664 0.3033852539
043929 0.8872070312 0.4799804688 0.8984375000 0.4926757812
044027 0.0229779297 0.3140317383 0.0459558594 0.3484987793
004407 0.5390234375 0.4174326172 0.5562576660 0.4384957031
044170 0.6315527344 0.3867700195 0.6668894043 0.4426655273
044480 0.6432910156 0.4456533203 0.6533667969 0.4565041992
044600 0.3101069336 0.3657324219 0.3440604492 0.3982843262
044680 0.6148486328 0.4465205078 0.6244860352 0.4580849121
044758 0.3492343750 0.4216679688 0.3654025391 0.4391297363
044758 0.3922416992 0.4197280273 0.4109970703 0.4384830078
004481 0.9037988281 0.4586015625 0.9191176270 0.4787071289
044883 0.6138378906 0.4518540039 0.6250774902 0.4619295410
044980 0.6730517578 0.4339042969 0.6852583496 0.4461115234
044983 0.7942724609 0.3268227539 0.8216145996 0.3554687500
044983 0.8736962891 0.3359375000 0.8964843750 0.3626302246
044983 0.9420556641 0.3463540039 0.9622395996 0.3710936035
045154 0.3081669922 0.5167382812 0.3220721680 0.5299953613
045259 0.8938916016 0.4249497070 0.9050123535 0.4409034668
045259 0.9432031250 0.4307509766 0.9538404785 0.4447710449
045290 0.7875341797 0.4409033203 0.7976872070 0.4534730957
045290 0.8895410156 0.4491220703 0.8996944824 0.4592744629
045290 0.9230859375 0.4510556641 0.9325699707 0.4631419922
004541 0.8175097656 0.5013330078 0.8469987793 0.5332417969
045495 0.4002939453 0.4389697266 0.4128630371 0.4525062012
045777 0.8227148438 0.3913999023 0.8463541504 0.4154266113
045793 0.8237304688 0.4858398438 0.8378906250 0.5019531250
045793 0.8232421875 0.5053710938 0.8378906250 0.5224609375
046120 0.4036782227 0.4447709961 0.4162476562 0.4583075684
046127 0.6040039062 0.0522460938 0.7172851562 0.1367187500
046163 0.3766743164 0.4309277344 0.3906250000 0.4429408691
046204 0.6279980469 0.4476718750 0.6396000977 0.4592744629
004620 0.6192968750 0.4384863281 0.6328318359 0.4525062012
046266 0.6435546875 0.4645180664 0.6585286621 0.4814453125
046278 0.4621093750 0.4148437500 0.4773437500 0.4300781250
046278 0.5097656250 0.4144531250 0.5250000000 0.4292968750
046278 0.5554687500 0.4132812500 0.5710937500 0.4292968750
046346 0.8262011719 0.4856943359 0.8358998047 0.5002458984
046459 0.8176318359 0.3552006836 0.8453967285 0.3877527344
046473 0.3465839844 0.4001992187 0.3676470703 0.4241345215
046506 0.7889599609 0.4330283203 0.7998817871 0.4497327148
046601 0.3470053711 0.4837241211 0.3652343750 0.5019531250
046674 0.7011718750 0.4702148438 0.7231445312 0.4926757812
046674 0.7031250000 0.5019531250 0.7246093750 0.5253906250
046674 0.3603515625 0.5092773438 0.3691406250 0.5185546875
046746 0.9431542969 0.2300063477 0.9836297363 0.2923261719
046904 0.9124169922 0.3494560547 0.9363511230 0.3733915527
046949 0.4713608398 0.4099628906 0.4937065918 0.4305400391
046960 0.7378466797 0.4185268555 0.7522432129 0.4324776855
046960 0.9102978516 0.4328652344 0.9203713867 0.4475911621
046960 0.9455615234 0.4363530273 0.9556361816 0.4500889648
047057 0.9459228516 0.3322226563 0.9746476563 0.3676470703
004710 0.1002602539 0.0286458496 0.2115883789 0.1100237793
004710 0.4902343750 0.0000000000 0.6367187500 0.0664062500
004710 0.8535156250 0.0611977539 0.9485678711 0.1451821289
047192 0.3969096680 0.4810297852 0.4128635742 0.4964998535
047234 0.9459619141 0.4251303711 0.9602864746 0.4423828125
047234 0.9606103516 0.4583334961 0.9798177246 0.4827474121
047240 0.5084326172 0.4406157227 0.5196707520 0.4537915527
047240 0.5460205078 0.4406157227 0.5591982910 0.4557291504
047259 0.0415764160 0.4833984375 0.0521828613 0.4950498535
047556 0.6782226562 0.4663085938 0.6899414062 0.4799804688
047556 0.6777343750 0.4790039062 0.6904296875 0.4916992188
047768 0.1647133789 0.3014321289 0.2005208496 0.3391927246
047768 0.3294272461 0.2753906250 0.3750000000 0.3157550781
000478 0.4535874023 0.4407387695 0.4632244141 0.4535876953
047910 0.4201152344 0.4452543945 0.4331683105 0.4602413574
048010 0.9422851562 0.4472138672 0.9510166504 0.4578849121
048010 0.9827050781 0.4443037109 0.9933774902 0.4562681152
048019 0.6656054688 0.4882812500 0.6778114746 0.5030582031
048103 0.6376953125 0.4609375000 0.6494140625 0.4741210938
048103 0.6367187500 0.4746093750 0.6479492188 0.4877929688
048260 0.4720053711 0.4199218750 0.4843750000 0.4322916504
048260 0.5110693359 0.4186196289 0.5234375000 0.4309895996
048260 0.5501318359 0.4179687500 0.5631510254 0.4303385254
048397 0.6648437500 0.4902343750 0.6761718750 0.5011718750
048397 0.8855468750 0.4894531250 0.9027343750 0.5066406250
048435 0.1102260742 0.3084389648 0.1508354004 0.3543659668
048540 0.8088085938 0.3891748047 0.8310450195 0.4152807617
004863 0.9773388672 0.4553417969 0.9862506348 0.4665801270
048857 0.4175781250 0.0957031250 0.5205107422 0.1754013672
048869 0.5519531250 0.3035156250 0.5914062500 0.3417968750
048869 0.6944238281 0.3162934570 0.7312499023 0.3540533691
048965 0.7250585938 0.4018632812 0.7428850586 0.4208519531
049013 0.0925166016 0.4497329102 0.1021535645 0.4638671875
049013 0.0931586914 0.4638671875 0.1021535645 0.4792863770
004902 0.0390625000 0.4522216797 0.0449218750 0.4609375000
004902 0.9148437500 0.4519531250 0.9214843750 0.4601562500
049049 0.9664062500 0.3277343750 0.9816406250 0.3476562500
049054 0.6889111328 0.4573408203 0.7014812988 0.4718440430
049124 0.3964262695 0.4718442383 0.4065780762 0.4824798828
004918 0.4233398438 0.4165039062 0.4370117188 0.4311523438
004918 0.6894531250 0.3911132812 0.7070312500 0.4106445312
004918 0.7084960938 0.3925781250 0.7260742188 0.4121093750
049248 0.4341821289 0.4346782227 0.4474988281 0.4455567383
049324 0.3880209961 0.3658852539 0.4134114746 0.3899739746
049324 0.5768212891 0.3697915039 0.6028613770 0.3938802246
049478 0.6049267578 0.4545664062 0.6142268066 0.4630921387
049490 0.1488642578 0.4237797852 0.1939912598 0.4950478516
049551 0.2257812500 0.4632812500 0.2457031250 0.4828125000
049763 0.3920751953 0.4399365234 0.4056118652 0.4539565430
004997 0.6848974609 0.3821616211 0.7037760254 0.4010416504
004997 0.7363281250 0.3854165039 0.7552083496 0.4055989746
004997 0.7851562500 0.3893227539 0.8014322754 0.4075518066
049997 0.9177929688 0.4498266602 0.9369525391 0.4746076660
050116 0.6595068359 0.4342446289 0.6894531250 0.4635416504
050248 0.6903613281 0.4365522461 0.7043819824 0.4510558594
050345 0.4293007812 0.4583076172 0.4365524414 0.4679763672
050473 0.5114843750 0.4104462891 0.5308245605 0.4317179688
050473 0.5767529297 0.4099628906 0.5970567871 0.4312345215
000505 0.8144531250 0.4882812500 0.8305664062 0.5078125000
000505 0.0170898438 0.4228515625 0.0375976562 0.4492187500
000505 0.0375976562 0.4228515625 0.0566406250 0.4497070312
050648 0.6969384766 0.4589843750 0.7148437500 0.4755857910
050648 0.8395214844 0.4700522461 0.8505875488 0.4807944336
050732 0.1284951172 0.3949760742 0.1484118164 0.4163234863
050739 0.3561196289 0.3111977539 0.3990885254 0.3515625000
050739 0.5136718750 0.3040366211 0.5598958496 0.3444010254
050739 0.6744775391 0.3066406250 0.7161458496 0.3457031250
050756 0.0742187500 0.5208349609 0.1093750000 0.5618489746
050756 0.6477880859 0.5045556641 0.6614583496 0.5162760254
050756 0.6477880859 0.5169287109 0.6608088867 0.5286458496
050937 0.4892382813 0.3427543945 0.5093443848 0.4021137695
051031 0.1586914062 0.2794765625 0.2120170898 0.3302324219
051071 0.4320312500 0.3730468750 0.4566406250 0.3968750000
051071 0.5085937500 0.3722656250 0.5332031250 0.3953125000
051071 0.5824218750 0.3710937500 0.6070312500 0.3945312500
051290 0.3176245117 0.3915917969 0.3393796387 0.4172145508
051290 0.6961621094 0.3935258789 0.7203356934 0.4162476562
051290 0.7831835938 0.3959428711 0.8044554687 0.4176979980
051306 0.4589843750 0.4169921875 0.4721679688 0.4306640625
051306 0.5004882812 0.4184570312 0.5131835938 0.4316406250
051306 0.5410156250 0.4208984375 0.5546875000 0.4335937500
051434 0.0850864258 0.4143139648 0.0976562500 0.4331683105
051434 0.1348818359 0.4230161133 0.1464843750 0.4399365723
000514 0.4453125000 0.4114584961 0.4635416504 0.4303385254
000514 0.5156250000 0.4108071289 0.5351562500 0.4283854004
051564 0.0592446289 0.4648437500 0.0930988281 0.5071614746
051633 0.0931586914 0.4664370117 0.1342760254 0.5242597656
051886 0.4793681641 0.4599916992 0.4878937012 0.4677424316
052075 0.3527187500 0.4233911133 0.3694232910 0.4413805664
052207 0.8847656250 0.4941406250 0.8901367188 0.5009765625
052207 0.8911132812 0.4946289062 0.8974609375 0.5009765625
052211 0.1091450195 0.4375751953 0.1389721191 0.4662607422
052281 0.8682714844 0.3379291992 0.8982441406 0.3761215820
052429 0.5922851562 0.4692382812 0.6064453125 0.4829101562
052429 0.8437500000 0.4257812500 0.8593750000 0.4443359375
052497 0.2112661133 0.3427636719 0.2455909668 0.3766050293
052667 0.6921875000 0.3878906250 0.7070312500 0.4031250000
052667 0.7363281250 0.3902343750 0.7519531250 0.4054687500
052667 0.7792968750 0.3937500000 0.7933593750 0.4082031250
052682 0.0340511719 0.4349555664 0.0462582031 0.4484478027
052682 0.4201787109 0.4400957031 0.4298160156 0.4523026367
052682 0.4677221680 0.4420229492 0.4780016602 0.4548720215
005275 0.7386230469 0.4111635742 0.7572234863 0.4305400391
052777 0.4902343750 0.4613281250 0.4996093750 0.4722656250
052777 0.5218750000 0.4609375000 0.5316406250 0.4714843750
052777 0.5539062500 0.4597656250 0.5640625000 0.4718750000
052777 0.4585937500 0.4613281250 0.4687500000 0.4714843750
005282 0.0064247559 0.3308750000 0.0353361328 0.3719932129
005282 0.5833691406 0.4606547852 0.5955746094 0.4780016602
052988 0.8129394531 0.4249018555 0.8258743652 0.4433334961
053003 0.6382812500 0.4078125000 0.6500000000 0.4199218750
053003 0.6714843750 0.4093750000 0.6832031250 0.4203125000
053003 0.7039062500 0.4113281250 0.7156250000 0.4222656250
053139 0.2900390625 0.4736328125 0.3041992188 0.5024414062
053194 0.9272460938 0.4931640625 0.9492187500 0.5302734375
053304 0.3808593750 0.2007812500 0.4398437500 0.2488281250
053304 0.5558593750 0.1929687500 0.6171875000 0.2429687500
053304 0.7246093750 0.2066406250 0.7796875000 0.2542968750
053311 0.9354833984 0.4270522461 0.9486606934 0.4406157227
053326 0.7548828125 0.4438476562 0.7788085938 0.4702148438
053326 0.7553710938 0.4716796875 0.7797851562 0.4975585938
005332 0.4072265625 0.4536132812 0.4238281250 0.4731445312
005332 0.4077148438 0.4726562500 0.4238281250 0.4907226562
005345 0.6381494141 0.4510556641 0.6458849121 0.4587910156
053526 0.9296630859 0.3732783203 0.9437962402 0.3983347168
053944 0.8042968750 0.2019531250 0.8527343750 0.2468750000
053944 0.5437500000 0.1695312500 0.6035156250 0.2160156250
053944 0.2714843750 0.1847656250 0.3234375000 0.2328125000
054036 0.8474267578 0.3681381836 0.8705540527 0.3964072754
054091 0.6956787109 0.4302675781 0.7106613770 0.4457379395
054339 0.6497412109 0.4244790039 0.6744807617 0.4583333496
054339 0.6503906250 0.4622397461 0.6751302246 0.4960937500
054490 0.7979541016 0.3655683594 0.8275082031 0.3983347168
054525 0.2636718750 0.2578125000 0.3125000000 0.3046875000
054525 0.4576821289 0.2428383789 0.5123696289 0.2916665039
054525 0.6575537109 0.2480468750 0.7096352539 0.2955729004
054607 0.1843901367 0.4882812500 0.2120166504 0.5197625488
054608 0.8587597656 0.4732084961 0.8702790527 0.4896555664
054608 0.2250000000 0.4696245117 0.2464843750 0.4928993164
054663 0.6081738281 0.4486386719 0.6173615234 0.4568572266
054874 0.0000000000 0.2802734375 0.0175781250 0.3266601562
054874 -0.0004882812 0.3261718750 0.0209960938 0.3750000000
054963 0.6643212891 0.4548725586 0.6739563965 0.4659690430
055157 0.3606513672 0.4133471680 0.3785388184 0.4312345215
055200 0.4602412109 0.4355854492 0.4723274902 0.4471878418
055241 0.6123046875 0.4104819336 0.6233724121 0.4215494629
055241 0.6513671875 0.4121093750 0.6621093750 0.4225260254
055241 0.6878271484 0.4137368164 0.6982421875 0.4241536621
055241 0.7207031250 0.4156899414 0.7311197754 0.4261067871
055359 0.2239584961 0.4401040039 0.2552083496 0.4720052246
055432 0.1456621094 0.4144106445 0.2335429687 0.5232539063
055540 0.9047851562 0.2314453125 0.9506835938 0.2978515625
055631 0.4058593750 0.4355468750 0.4187500000 0.4488281250
055631 0.4058593750 0.4515625000 0.4195312500 0.4652343750
055632 0.4641088867 0.4526630859 0.4728109375 0.4603982422
005568 0.8090820312 0.4497070312 0.8403320312 0.4853515625
055730 0.7187500000 0.4738281250 0.7445312500 0.5000000000
055742 0.9784960938 0.4104462891 0.9929997070 0.4312345215
055793 0.8827587891 0.1574062500 0.9566459961 0.2280786133
055793 0.6983691406 0.4863540039 0.7080078125 0.4966334473
055813 0.8779296875 0.3281250000 0.9077148438 0.3613281250
055869 0.7793115234 0.4107763672 0.7967509766 0.4297649902
055926 0.7601855469 0.1953125000 0.7946538086 0.2652036133
055943 0.4282148438 0.4568916016 0.4375154785 0.4669673828
056054 0.0652651367 0.4737778320 0.0754176758 0.4863474609
056245 0.8002001953 0.4411176758 0.8114213867 0.4512593262
056245 0.8004882813 0.4522148437 0.8122959473 0.4630655273
056350 0.8388671875 0.3437500000 0.8706054688 0.3808593750
056360 0.4121093750 0.3671875000 0.4384765625 0.3950195312
056360 0.4423828125 0.3686523438 0.4687500000 0.3945312500
056374 0.3824062500 0.4389697266 0.3978767090 0.4529896484
056374 0.7522412109 0.4650756836 0.7633624512 0.4781288574
056576 0.2662758789 0.4915380859 0.2845052246 0.5117187500
056587 0.3734375000 0.2214843750 0.3894531250 0.2777343750
056587 0.3921875000 0.2410156250 0.4082031250 0.2925781250
056649 0.5644531250 0.4462890625 0.5786132812 0.4604492188
056649 0.5639648438 0.4643554688 0.5781250000 0.4790039062
005672 0.5618505859 0.4752602539 0.5742187500 0.4869791504
056737 0.4119389648 0.4410034180 0.4224020508 0.4522414551
056737 0.5801269531 0.4371279297 0.5909753418 0.4495287598
056737 0.6212011719 0.4363530273 0.6332155273 0.4486386230
056763 0.2022880859 0.4475913086 0.2123635742 0.4596042969
056815 0.2828164062 0.4123798828 0.3011873535 0.4481551758
056922 0.1440673828 0.3969096680 0.1547029785 0.4186648926
056922 0.3205253906 0.4568574219 0.3311610352 0.4713605957
056922 0.6497509766 0.4399365234 0.6637724121 0.4539565430
056922 0.9316015625 0.4766787109 0.9446550293 0.4863474609
056997 0.5045556641 0.4355776367 0.5161830566 0.4468161133
056997 0.6549169922 0.4317026367 0.6688678223 0.4456535156
057018 0.4348027344 0.4530166016 0.4433283691 0.4623170898
057098 0.2364052734 0.3553334961 0.2678295410 0.3882077637
057105 0.6064453125 0.4667968750 0.6210937500 0.4814453125
005715 0.0338541504 0.3541665039 0.0533854004 0.3808593750
057237 0.8242773437 0.3848237305 0.8474822266 0.4118966797
057278 0.2041015625 0.4946289062 0.2333984375 0.5288085938
005728 0.6400830078 0.4481552734 0.6512028320 0.4597579102
057389 0.4274887695 0.4067934570 0.4488307129 0.4287820801
057389 0.5167382812 0.4064697266 0.5364626465 0.4284586914
057404 0.7747412109 0.4869790039 0.7988281250 0.5117187500
057496 0.0810546875 0.4316406250 0.0957031250 0.4458007812
057496 0.3374023438 0.4052734375 0.3588867188 0.4248046875
057496 0.3603515625 0.4042968750 0.3813476562 0.4252929688
057689 0.6770068359 0.4313149414 0.6925068359 0.4464285645
057710 0.4425532227 0.4545664062 0.4506277344 0.4635027832
057710 0.5646240234 0.4530166016 0.5731491699 0.4615420410
057710 0.5956250000 0.4522412109 0.6043998535 0.4610735352
057710 0.9056445312 0.4243398438 0.9153335938 0.4413907715
058030 0.7617187500 0.4780273438 0.7778320312 0.4960937500
058067 0.1771215820 0.3370097656 0.2039292480 0.3676470703
058194 0.4458007812 0.4169921875 0.4614257812 0.4345703125
058194 0.4633789062 0.4169921875 0.4780273438 0.4331054688
058194 0.2641601562 0.4379882812 0.2739257812 0.4487304688
058223 0.6415332031 0.4355854492 0.6541035156 0.4467048340
058247 0.4146513672 0.4553417969 0.4274398437 0.4673549316
058250 0.4047592773 0.4722192383 0.4156815430 0.4824989746
058303 0.0113747559 0.4275234375 0.0238591797 0.4422274414
058303 0.0485506836 0.4291879883 0.0604802734 0.4441694824
058303 0.6319921875 0.4483310547 0.6422562988 0.4602605469
058323 0.4119672852 0.4475371094 0.4242549805 0.4611187012
058323 0.5713867188 0.4468906250 0.5827038574 0.4601484863
058323 0.6266259766 0.4468906250 0.6392896973 0.4611186035
005836 0.7614306641 0.3906250000 0.7822168945 0.4104463379
058531 0.0151367188 0.4077148438 0.0815429688 0.4887695312
058531 0.1928710938 0.4760742188 0.2089843750 0.5034179688
058534 0.8564208984 0.3417968750 0.8769788086 0.3674958984
058660 0.5696630859 0.4720053711 0.6015625000 0.5026041504
058719 0.9306347656 0.4848969727 0.9427212402 0.5003674316
058781 -0.0007522559 0.4836308594 0.0155237695 0.5190551758
058781 0.7269970703 0.4816933594 0.7483104004 0.5219958984
005886 0.8203125000 0.4882812500 0.8359375000 0.5170898438
058978 0.7857470703 0.2216542969 0.8268657715 0.2672699219
059076 0.9895996094 0.4860620117 1.0034734375 0.5093660645
059164 0.1445312500 0.4140625000 0.1790364746 0.4602867676
059301 0.4150390625 0.4444907227 0.4255022461 0.4553416504
005937 0.4804687500 0.4687500000 0.4916992188 0.4804687500
059471 0.6110791016 0.4549233398 0.6207456543 0.4636254883
059476 0.8990136719 0.2336088867 0.9334788574 0.2776500488
059732 0.4726562500 0.4127602539 0.4895837891 0.4303385254
059732 0.5306005859 0.4108071289 0.5488281250 0.4277343750
059732 0.5898437500 0.4088540039 0.6087239746 0.4270833496
059745 0.7014794922 0.4563735352 0.7150177734 0.4732943848
059798 0.3956625977 0.4537915039 0.4041883789 0.4646422363
005992 0.3798828125 0.4902343750 0.3959960938 0.5053710938
005992 0.6855468750 0.4228515625 0.7104492188 0.4487304688
059948 0.5897656250 0.4426655273 0.6013568848 0.4568001953
005997 0.6482568359 0.3822729492 0.6662469238 0.4015470703
060075 0.4453125000 0.4062500000 0.4672851562 0.4252929688
060075 0.5649414062 0.4145507812 0.5839843750 0.4321289062
060094 0.2122397461 0.2311196289 0.2669272461 0.2858071289
060094 0.4720053711 0.1979165039 0.5410156250 0.2539062500
060137 0.6165527344 0.4146513672 0.6363157227 0.4348028320
060137 0.8010156250 0.4297651367 0.8176773438 0.4456535156
060137 0.8615576172 0.4298994141 0.8769724609 0.4447710449
060478 0.9082031250 0.4459633789 0.9296875000 0.4680989746
060478 0.9075537109 0.4707031250 0.9290364746 0.4934895996
060572 0.8701171875 0.4853515625 0.8823242188 0.4980468750
060572 0.6884765625 0.4853515625 0.6987304688 0.4960937500
060572 0.4726562500 0.4921875000 0.4794921875 0.5000000000
060636 0.4585317383 0.4701728516 0.4653223145 0.4772868164
060750 0.8537646484 0.3775717773 0.8803565918 0.4036780762
006096 0.8080566406 0.4820810547 0.8291207031 0.5057198730
061035 0.9238671875 0.3538828125 0.9499729492 0.3862739746
061238 0.4638671875 0.4931640625 0.4775390625 0.5073242188
061238 0.4638671875 0.4550781250 0.4760742188 0.4677734375
061377 0.7052929688 0.4193017578 0.7215711914 0.4371279785
061383 0.0000000000 0.3315429688 0.0454101562 0.3964843750
061383 0.0478515625 0.3457031250 0.0898437500 0.4052734375
061448 0.8491210938 0.3759765625 0.8725585938 0.4047851562
061524 0.6819775391 0.4171411133 0.7007320801 0.4349260254
061672 0.4811196289 0.3678383789 0.5006510254 0.3860677246
061672 0.7701806641 0.4069008789 0.7858072754 0.4244791504
061770 0.6980957031 0.4626586914 0.7126005371 0.4776454102
061789 0.4757114258 0.4462211914 0.4844136719 0.4554068848
061789 0.9451367188 0.3606513672 0.9625425293 0.3867574219
061901 0.8199267578 0.4365522461 0.8334622559 0.4529896484
006195 0.8854150391 0.2949218750 0.9147135254 0.3281250000
062247 0.6230468750 0.4443359375 0.6582031250 0.4799804688
062247 0.6240234375 0.4824218750 0.6586914062 0.5195312500
062526 0.3507812500 0.4812500000 0.3750000000 0.5050781250
062596 0.3584008789 0.3526181641 0.3861656738 0.3851700195
062599 0.4274887695 0.4543281250 0.4381596680 0.4656457031
062728 0.7338867188 0.5092773438 0.7519531250 0.5278320312
062728 0.3002929688 0.5043945312 0.3188476562 0.5229492188
062770 0.1933789063 0.4331684570 0.2083655762 0.4505724121
062770 0.4568574219 0.4699101562 0.4732943848 0.4873143555
062770 0.8205029297 0.0497856445 0.8951821289 0.1522290039
062790 0.3456264648 0.4298789063 0.3599877441 0.4480698730
063065 0.7972021484 0.3795058594 0.8233098633 0.4051284180
063102 0.8372412109 0.3177084961 0.8626302246 0.3489583496
063102 0.8372412109 0.3665366211 0.8645833496 0.3984375000
063112 0.5410156250 0.4770507812 0.5532226562 0.4887695312
063112 0.5415039062 0.4897460938 0.5532226562 0.5004882812
006319 0.6982421875 0.4589843750 0.7163085938 0.4785156250
006319 0.7182617188 0.4584960938 0.7358398438 0.4785156250
063201 0.5984375000 0.4304687500 0.6062500000 0.4390625000
063201 0.6222656250 0.4308593750 0.6304687500 0.4390625000
063201 0.6476562500 0.4304687500 0.6546875000 0.4390625000
063254 0.9238281250 0.4414062500 0.9389648438 0.4624023438
063254 0.9238281250 0.4658203125 0.9379882812 0.4873046875
063264 0.8393554688 0.3408203125 0.8657226562 0.3686523438
063264 0.8681640625 0.3432617188 0.8930664062 0.3706054688
063266 0.8756933594 0.3636411133 0.8994654785 0.3931949219
006352 0.4727597656 0.4561166992 0.4785803223 0.4630587891
006365 0.0423177246 0.3828125000 0.0605468750 0.4095052246
006365 0.0996093750 0.3977866211 0.1145833496 0.4199218750
006365 0.1490883789 0.4088540039 0.1621093750 0.4290364746
063704 0.3517036133 0.4837319336 0.3650610352 0.4982436035
063704 0.6469726562 0.4501953125 0.6733398438 0.4765625000
063840 0.8256835938 0.4555664062 0.8359375000 0.4663085938
063840 0.8251953125 0.4702148438 0.8359375000 0.4809570312
064143 0.7356787109 0.4674477539 0.7604166504 0.4928385254
064190 0.3465839844 0.4787070313 0.3666900391 0.4988129395
064400 0.0918549805 0.4563735352 0.1015238281 0.4694259766
064400 0.4607246094 0.4684599609 0.4708765625 0.4771619629
064488 0.4266035156 0.3874125977 0.4465199707 0.4060443848
064497 0.5917480469 0.4824682617 0.6010509766 0.4940941406
064499 0.8013574219 0.4069008789 0.8233762207 0.4480698730
064670 0.3761215820 0.4317177734 0.3901415527 0.4467048340
064774 0.4066870117 0.4433081055 0.4188938965 0.4555149902
064834 0.4214638672 0.4465205078 0.4317434082 0.4567999512
065050 0.7382812500 0.4433593750 0.7617187500 0.4680989746
065050 0.9720068359 0.4622397461 0.9850260254 0.4785156250
065050 0.9726562500 0.4765625000 0.9856770996 0.4921875000
065090 0.6066406250 0.4156250000 0.6164062500 0.4250000000
065090 0.6347656250 0.4144531250 0.6441406250 0.4238281250
065090 0.6625000000 0.4144531250 0.6722656250 0.4234375000
065096 0.2647001953 0.3707075195 0.2929687988 0.4021892578
065142 0.4921582031 0.4359653320 0.5053323242 0.4491412598
065142 0.6246923828 0.4417783203 0.6359282227 0.4545666016
065142 0.6684814453 0.4410034180 0.6812686035 0.4537915527
065285 0.8262109375 0.3732207031 0.8513498047 0.4007773926
065357 0.4321289062 0.3964843750 0.4492187500 0.4135742188
065357 0.5786132812 0.3950195312 0.5947265625 0.4121093750
065388 0.4128906250 0.4828125000 0.4234375000 0.4933593750
065478 0.7998828125 0.5056298828 0.8140162598 0.5191200684
065488 0.1503906250 0.4726562500 0.1790364746 0.5091145996
065599 0.6336035156 0.4425532227 0.6436787109 0.4553416504
065600 0.7923193359 0.3639321289 0.8144531250 0.3899739746
065600 0.8710937500 0.3730468750 0.8919270996 0.3971354004
006560 0.1217446289 0.0377604004 0.2011718750 0.1028639160
006560 0.4192709961 -0.0019531250 0.5384116211 0.0358071777
006560 0.7662744141 0.0065104004 0.8619790039 0.0716144043
065709 0.7962744141 0.4145605469 0.8339077637 0.4544774414
065785 0.9677734375 0.4897460938 0.9760742188 0.4980468750
065785 0.9082031250 0.4736328125 0.9150390625 0.4838867188
065821 0.8940429688 0.4770507812 0.9077148438 0.4960937500
065821 0.8930664062 0.4980468750 0.9067382812 0.5185546875
006599 0.1549101562 0.5513671875 0.1629041992 0.5621715820
066004 0.4084511719 0.4751054687 0.4158141113 0.4820808594
066004 0.8916943359 0.4410034180 0.8994470703 0.4530165039
066010 0.1049804688 0.4599609375 0.1503906250 0.5024414062
066056 0.2688803711 0.2226562500 0.3261718750 0.2740883789
066056 0.4635415039 0.2063803711 0.5260415039 0.2591147461
066205 0.7018212891 0.4707031250 0.7246093750 0.4934895996
000662 0.7077636719 0.4297841797 0.7242032715 0.4467048340
066414 0.1624379883 0.3451811523 0.1933787109 0.3799891602
066834 0.7532568359 0.3828125000 0.7727864746 0.4049479004
066834 0.7571630859 0.4459633789 0.7760432617 0.4661458496
067033 0.4251147461 0.4514663086 0.4344152832 0.4607669922
006704 0.5649414062 0.4897460938 0.5693359375 0.4960937500
006704 0.8754882812 0.4648437500 0.8881835938 0.4814453125
006704 0.8769531250 0.4848632812 0.8837890625 0.5014648438
067226 0.8758056641 0.4541791992 0.8866567383 0.4669673828
067226 0.9571875000 0.4588295898 0.9660993164 0.4696800781
067226 0.9823730469 0.4603793945 0.9920634766 0.4712301758
067262 0.8066406250 0.4946289062 0.8310546875 0.5229492188
067280 0.7587646484 0.4709345703 0.8082319336 0.5242597656
067396 0.7478417969 0.4285307617 0.7561934570 0.4400954102
067401 0.0449218750 0.2749023438 0.0747070312 0.3159179688
067401 0.0756835938 0.2851562500 0.1069335938 0.3168945312
067638 0.2094614258 0.3412421875 0.2405339844 0.3761986816
006764 0.1899414062 0.4843750000 0.2055664062 0.4995117188
067664 0.9075537109 0.4313149414 0.9205729004 0.4472656250
067664 0.8466796875 0.4653320312 0.8608398438 0.4799804688
006769 0.2003178711 0.4242685547 0.3499936523 0.5844477539
067704 0.0248927734 0.2084106445 0.0842526367 0.2843520508
067704 0.9420947266 0.1637177734 0.9995405273 0.2383959961
067709 0.6879443359 0.4230161133 0.7034150879 0.4394531250
067753 0.9277343750 0.4780273438 0.9648437500 0.5258789062
067753 0.9282226562 0.5356445312 0.9633789062 0.5810546875
067754 0.4007006836 0.4328652344 0.4142640137 0.4472036133
067754 0.6235253906 0.4297651367 0.6374783203 0.4433283691
067754 0.6789453125 0.4293774414 0.6925068359 0.4437159180
067763 0.4631420898 0.4428374023 0.4728109863 0.4529897461
067800 0.7163623047 0.4208212891 0.7343493164 0.4381681641
067997 0.6601562500 0.4824218750 0.6812500000 0.5062500000
068066 0.3574218750 0.4837241211 0.3678385254 0.4954427246
068231 0.3898500977 0.4863437500 0.4014756836 0.4975818359
068353 0.4390625000 0.4312500000 0.4542968750 0.4445312500
068353 0.5843750000 0.4902343750 0.5933593750 0.4992187500
068430 0.0957290039 0.3116005859 0.1252826660 0.3572162598
068430 0.9527880859 0.4542299805 0.9630684570 0.4664369629
006844 0.6431201172 0.4741469727 0.6578955078 0.4908511719
068473 0.0957031250 0.4848632812 0.1079101562 0.5053710938
068474 0.3142402344 0.3587172852 0.3451810059 0.3901414062
068493 0.6979541016 0.4040288086 0.7190166992 0.4212622559
068678 0.4707031250 0.2226562500 0.5317382812 0.2817382812
068714 0.0966894531 0.4341352539 0.1087755371 0.4496055176
068778 0.4906054687 0.4359653320 0.5010695801 0.4483662109
068778 0.6274023438 0.4413906250 0.6382533691 0.4530165039
068778 0.6758447266 0.4437158203 0.6874689941 0.4553416504
069015 0.5638476562 0.5216064453 0.5809015625 0.5351688965
069108 0.5761718750 0.1803383789 0.7701821289 0.3730468750
069211 0.8735351562 0.2719726562 0.9150390625 0.3227539062
069211 0.6938476562 0.4619140625 0.7026367188 0.4702148438
069211 0.6572265625 0.4545898438 0.6650390625 0.4628906250
069241 0.4661459961 0.4316406250 0.4798177246 0.4453125000
069241 0.5169287109 0.4303383789 0.5286490723 0.4440104004
069241 0.5657568359 0.4290366211 0.5794270996 0.4427083496
069296 0.9589843750 0.3374023438 0.9907226562 0.3740234375
069321 0.5484375000 0.4871093750 0.5566406250 0.4960937500
069373 0.0043510205 0.4645922852 0.0169206494 0.4790949707
069373 0.4102871094 0.4054526367 0.4272078125 0.4272078125
069373 0.8121923828 0.4520229492 0.8295946777 0.4713605957
069444 0.0004834468 0.2484916992 0.0348081538 0.3084389648
069522 0.2942709961 0.2441406250 0.3509116211 0.2949218750
069522 0.4772133789 0.2285156250 0.5377602539 0.2825522461
069522 0.6660156250 0.2376303711 0.7200522461 0.2884116211
069658 0.8037255859 0.3987631836 0.8207775391 0.4162016602
069700 0.0834960938 0.3017578125 0.1044921875 0.3359375000
069700 0.2192382812 0.3652343750 0.2294921875 0.3886718750
069776 0.2632890625 0.4078583984 0.2891391113 0.4863662109
069828 0.7055664062 0.4736328125 0.7216796875 0.4907226562
069857 0.3072915039 0.4570312500 0.3190104004 0.4674479004
069928 0.3344726562 0.4936523438 0.3452148438 0.5083007812
069928 0.6713867188 0.4121093750 0.6967773438 0.4399414062
069928 0.6528320312 0.4389648438 0.6801757812 0.4692382812
069928 0.6904296875 0.4394531250 0.7163085938 0.4677734375
006999 0.1028647461 0.3398437500 0.1178385254 0.3678385254
006999 0.1536459961 0.3561196289 0.1679687500 0.3808593750
006999 0.1914062500 0.3697915039 0.2044270996 0.3919270996
006999 0.2246093750 0.3815102539 0.2337239746 0.4016927246
070027 0.4399365234 0.4423540039 0.4515393066 0.4558903320
070050 0.3886914062 0.4708769531 0.4002939453 0.4834467773
070288 0.5638476562 0.4448784180 0.5762493652 0.4580542969
070386 0.4760742188 0.4985595703 0.5120527344 0.5371093750
070437 0.4156250000 0.4730468750 0.4355468750 0.4937500000
070437 0.8378906250 0.4671875000 0.8699218750 0.4996093750
070489 0.3398632812 0.4167309570 0.3582340820 0.4360689941
070495 0.1490541992 0.4638671875 0.1665900879 0.4844516113
070495 0.8991357422 0.4696494141 0.9124153809 0.4850688965
070661 0.6420166016 0.4413867188 0.6536200684 0.4529896484
070707 0.1876533203 0.4700903320 0.2307368164 0.5351943359
070914 0.3000361328 0.4651523437 0.3154553711 0.4805715332
070914 0.6058544922 0.4600122070 0.6135639160 0.4690069824
070979 0.4509296875 0.3867827148 0.4681631348 0.4088034668
071155 0.1081889648 0.4755859375 0.1389199219 0.5087890625
071174 0.6270556641 0.4490903320 0.6366930664 0.4580849121
071208 0.3500156250 0.3882080078 0.3712871094 0.4104463379
071208 0.6265478516 0.3944926758 0.6478187012 0.4162476562
071208 0.7000292969 0.3954594727 0.7213025879 0.4181814453
071537 0.0991210938 0.3754882812 0.1494140625 0.4672851562
007153 0.0274860352 0.4549746094 0.0346000488 0.4630587891
007153 0.4485073242 0.4578847656 0.4565915527 0.4662924316
007153 0.8617675781 0.4284584961 0.8685585449 0.4423634277
071807 0.6497412109 0.3971352539 0.6647119141 0.4121090820
071807 0.6940087891 0.3997397461 0.7083333496 0.4140625000
071807 0.7382812500 0.4023437500 0.7513020996 0.4166666504
071937 0.1239975586 0.4670795898 0.1388250488 0.4934210449
071937 0.7150732422 0.4523027344 0.7257199707 0.4709344238
072078 0.4297651367 0.4448784180 0.4429408691 0.4576667969
072284 0.5566406250 0.3457031250 0.5885416504 0.3750000000
072425 0.3258432617 0.4109296875 0.3422803223 0.4312345215
072425 0.3838569336 0.4070620117 0.4041615234 0.4283338379
072517 -0.0006510400 0.3430991211 0.0227864600 0.3789062500
072517 0.0826821289 0.3671875000 0.1015625000 0.3990885254
072645 0.4176430664 0.2041015625 0.4622395996 0.2402343750
072645 0.1894531250 0.2327475586 0.2252602539 0.2675782715
072688 0.4297519531 0.4536811523 0.4388063965 0.4630587891
072688 0.5636230469 0.4510942383 0.5730028809 0.4624120605
072688 0.6114843750 0.4520644531 0.6211842773 0.4620890625
072694 0.4062500000 0.3828125000 0.4238281250 0.4016927246
072694 0.4928369141 0.3841147461 0.5097656250 0.4016927246
072694 0.5774755859 0.3867187500 0.5950520996 0.4062500000
072765 0.4700522461 0.4622397461 0.4973958496 0.5371093750
072771 0.1818203125 0.3411542969 0.2165142090 0.3784179688
072809 0.8880908203 0.3200419922 0.9233833496 0.3621016602
072880 0.8262109375 0.3862739258 0.8479656738 0.4094794434
072960 0.7585302734 0.4041616211 0.7797996582 0.4268834961
073019 0.1189985352 0.4174643555 0.1293461914 0.4352493652
073019 0.1523051758 0.4239316406 0.1613591797 0.4400998535
073110 0.6119775391 0.4166665039 0.6236979004 0.4277343750
073110 0.6458349609 0.4179687500 0.6562500000 0.4296875000
073110 0.6796875000 0.4186196289 0.6907552246 0.4316406250
073250 0.0364583496 0.4726562500 0.0722656250 0.5273437500
073250 0.0384114746 0.5260400391 0.0729166504 0.5800781250
007331 0.1165366211 0.4889306641 0.1419270996 0.5260416504
073558 0.7622070312 0.4384765625 0.8237304688 0.5029296875
073802 0.2955385742 0.3527187500 0.3302323242 0.3861275391
073802 0.6379785156 0.4869960938 0.6585372070 0.5056280762
073802 0.8501855469 0.4889257813 0.8655024414 0.5081979980
073970 0.5805126953 0.4545664062 0.5871000977 0.4619295410
000739 0.6259765625 0.4091796875 0.6367187500 0.4199218750
000739 0.6577148438 0.4106445312 0.6679687500 0.4213867188
000739 0.6884765625 0.4125976562 0.6987304688 0.4228515625
000073 0.0468750000 0.2641601562 0.0742187500 0.3022460938
000073 0.1206054688 0.2949218750 0.1406250000 0.3291015625
000073 0.1762695312 0.3198242188 0.1918945312 0.3486328125
074148 0.6380224609 0.4661459961 0.6562500000 0.4843750000
074240 0.7529589844 0.3689238281 0.7789248535 0.3964378906
074243 0.5913085938 0.4453125000 0.6000976562 0.4545898438
074380 0.3993271484 0.4452543945 0.4114132324 0.4587910156
007443 0.6882421875 0.4152807617 0.7114942383 0.4328647461
007443 0.7777636719 0.4162016602 0.7955884277 0.4351903320
074535 0.8030029297 0.3814394531 0.8262105469 0.4041615234
074656 0.1803256836 0.4293007812 0.2088494141 0.4626585938
074818 0.6026025391 0.4367402344 0.6153894043 0.4483662109
074818 0.7328076172 0.4460410156 0.7440476074 0.4568917480
074818 0.7766015625 0.4472036133 0.7893880371 0.4596043945
075170 0.7552099609 0.4570312500 0.7799462891 0.4824218750
000751 0.7246093750 0.4780273438 0.7426757812 0.4995117188
075282 0.4281352539 0.4552978516 0.4365428223 0.4640288574
075448 0.0058593750 0.4674477539 0.0234375000 0.4915364746
075514 0.2089843750 0.4433593750 0.2182617188 0.4555664062
075545 0.6274414062 0.4819335938 0.6347656250 0.4887695312
075545 0.9882812500 0.4150390625 1.0014648438 0.4370117188
075547 0.1562500000 0.4856772461 0.1848958496 0.5182291504
075547 0.3697915039 0.4804687500 0.4023437500 0.5143229004
075547 0.6087255859 0.4791665039 0.6412760254 0.5123697754
075547 0.8125000000 0.4785156250 0.8404947754 0.5091145996
075600 0.1441591797 0.4413906250 0.1538473633 0.4549541016
075600 0.1763237305 0.4402280273 0.1875620117 0.4534034180
075711 0.9001074219 0.3417968750 0.9213096191 0.3707082520
076008 0.1194111328 0.4476718750 0.1305306152 0.4578241211
076040 0.9123144531 0.3552890625 0.9348016113 0.3861276855
076122 0.0744047852 0.4348027344 0.0840928711 0.4491412598
076228 0.5976562500 0.4811196289 0.6080729004 0.4921875000
076228 0.9492187500 0.4759116211 0.9589843750 0.4928385254
076286 0.4428374023 0.4583076172 0.4515393066 0.4684599121
076329 0.1713867188 0.3242187500 0.1992187500 0.3710937500
076434 0.3665366211 0.4830727539 0.3841145996 0.5006510254
076521 0.2668627930 0.4520229492 0.2779818848 0.4655592285
076521 0.6802099609 0.4244663086 0.6985806152 0.4384862305
076568 0.5040869141 0.4829101562 0.5097940918 0.4892578125
076771 0.3212890625 0.3710937500 0.3530273438 0.4028320312
076771 0.8238281250 0.3808593750 0.8472656250 0.4074218750
076771 0.5363281250 0.4796875000 0.5437500000 0.4875000000
077147 0.0980439453 0.4348027344 0.1065693359 0.4460410645
077147 0.1666357422 0.4406157227 0.1743861816 0.4514664063
077147 0.1883369141 0.4425532227 0.1953125000 0.4537915527
077147 0.5995019531 0.4561166992 0.6091889648 0.4658048340
077156 0.5634765625 0.3208007812 0.6020507812 0.3603515625
077156 0.4184570312 0.4985351562 0.4262695312 0.5063476562
077598 0.6821289062 0.2319335938 0.7524414062 0.2963867188
077600 0.8447265625 0.4409179688 0.8618164062 0.4599609375
077600 0.8623046875 0.4414062500 0.8784179688 0.4609375000
077883 0.7239599609 0.4791665039 0.7421875000 0.4973958496
077883 0.7246093750 0.4973974609 0.7428385254 0.5169270996
077988 0.6556933594 0.4293774414 0.6692553223 0.4406157227
078233 0.3920751953 0.4157641602 0.4089959961 0.4326846191
078233 0.6009228516 0.4201152344 0.6173615234 0.4384862305
078233 0.6579687500 0.4205986328 0.6744082520 0.4375193359
078349 0.7984375000 0.4437500000 0.8394531250 0.4890625000
078349 0.6914062500 0.4359375000 0.7109375000 0.4558593750
078349 0.2757812500 0.4746093750 0.2980468750 0.4980468750
078441 0.4111840820 0.3797031250 0.4311009277 0.3989771973
078464 0.6638134766 0.4661123047 0.6941715820 0.4970711426
078472 0.6568994141 0.4710288086 0.6803385254 0.4941406250
078472 0.8473291016 0.4895849609 0.8619791504 0.5039062500
007857 0.0760820313 0.0163999023 0.1589267578 0.1154750977
007857 0.0815292969 0.1066508789 0.1594755859 0.2208466797
078589 0.7128906250 0.4536132812 0.7280273438 0.4746093750
078591 0.6791992188 0.4462890625 0.7031250000 0.4707031250
078591 0.6782226562 0.4726562500 0.7031250000 0.4956054688
078591 0.4638671875 0.4775390625 0.4707031250 0.4838867188
078591 0.6240234375 0.4926757812 0.6328125000 0.5004882812
078591 0.2216796875 0.3559570312 0.2563476562 0.3940429688
078624 0.6399072266 0.4285312500 0.6505792969 0.4391756836
078678 0.3619482422 0.3964379883 0.3844246094 0.4181392578
078692 0.5700488281 0.4289897461 0.5843874023 0.4429408691
078692 0.6374804687 0.4270522461 0.6510416504 0.4402281738
007888 0.7740869141 0.4967431641 0.7962223633 0.5175781250
079126 0.3775717773 0.4365522461 0.3925587891 0.4520227539
079416 0.8503808594 0.3659692383 0.8774559082 0.3940091309
079441 0.4731445312 0.4853515625 0.4814453125 0.4946289062
079441 0.6879882812 0.4394531250 0.7036132812 0.4545898438
079464 0.8692675781 0.3983344727 0.8872584473 0.4195366211
079495 0.2845053711 0.4388022461 0.3131510254 0.4667968750
079532 0.6556005859 0.3222656250 0.6927099609 0.3587238281
079572 0.1246093750 0.4926269531 0.1371578613 0.5070257812
079572 0.4213022461 0.4824218750 0.4371213379 0.4979265625
079572 0.7554833984 0.4790419922 0.7725541016 0.4977677734
079688 0.3706054688 0.4970703125 0.4067382812 0.5371093750
079688 0.6010742188 0.4892578125 0.6425781250 0.5327148438
079688 0.8041992188 0.5058593750 0.8374023438 0.5419921875
079920 0.1388369141 0.4771508789 0.1483851563 0.4882813477
079920 0.6184960938 0.4468750000 0.6437853516 0.4706660645
080045 0.7109375000 0.4589843750 0.7363281250 0.5156250000
008012 0.0236390137 0.4088388672 0.0379774414 0.4293774902
008012 0.0282893066 0.4475913086 0.0368148437 0.4568917480
008012 0.0290643555 0.4580541992 0.0368148437 0.4677424316
008012 0.6739062500 0.4444907227 0.6843777344 0.4545666016
008012 0.8056640625 0.4534038086 0.8161272461 0.4627045898
008012 0.8366650391 0.4541791992 0.8451916016 0.4642547363
080215 0.4277343750 0.4726562500 0.4384765625 0.4838867188
080239 0.3430991211 0.4902343750 0.3535156250 0.5000000000
080265 0.6127929688 0.4707031250 0.6274414062 0.4853515625
080265 0.6123046875 0.4882812500 0.6264648438 0.5034179688
080309 0.6328320312 0.4684599609 0.6415338867 0.4781288574
080391 0.8457031250 0.4458007812 0.8701171875 0.4721679688
080466 0.6289062500 0.4687500000 0.6479492188 0.4873046875
080622 0.2373725586 0.4307509766 0.2451075195 0.4457379395
080622 0.6255810547 0.4471884766 0.6352490723 0.4578241211
080675 0.4680288086 0.4536020508 0.4746870605 0.4608154785
080709 0.4679687500 0.4222656250 0.4808593750 0.4355468750
080709 0.5117187500 0.4218750000 0.5253906250 0.4347656250
080709 0.5542968750 0.4210937500 0.5679687500 0.4343750000
080765 0.3972128906 0.4297651367 0.4138764648 0.4456535156
080910 0.6239160156 0.4770429688 0.6324404785 0.4875062012
081000 0.7910156250 0.4008789062 0.8041992188 0.4169921875
081000 0.8745117188 0.4243164062 0.8833007812 0.4375000000
081000 0.8842773438 0.4243164062 0.8925781250 0.4365234375
008100 0.8900244141 0.3621015625 0.9175819824 0.3935256836
081264 0.4210214844 0.4404233398 0.4320157227 0.4527110840
081264 0.5749414063 0.4504477539 0.5846440430 0.4607952148
081264 0.6114843750 0.4501240234 0.6218310059 0.4611186035
081392 0.6069335938 0.4814453125 0.6132812500 0.4877929688
081474 0.4296875000 0.4331054688 0.4453125000 0.4487304688
081474 0.4980468750 0.4311523438 0.5136718750 0.4467773438
008153 0.1079360352 0.3090307617 0.1310649902 0.3520764648
008153 0.7452783203 0.4227475586 0.7606879395 0.4394530762
081593 0.6556884766 0.6095751953 0.6781684082 0.6308908203
081595 0.4804687500 0.4889306641 0.4993489746 0.5091145996
081595 0.7526025391 0.4986962891 0.7682291504 0.5156250000
081601 0.1523437500 0.2389321289 0.1829427246 0.2910156250
081601 0.2233071289 0.2845053711 0.2454427246 0.3281250000
081601 0.2721352539 0.3170571289 0.2877604004 0.3535156250
081674 0.6542968750 0.3642578125 0.6899414062 0.3999023438
081674 0.6552734375 0.4062500000 0.6875000000 0.4418945312
081686 0.1054067383 0.3472221680 0.1232329102 0.3832620117
081686 0.2193388672 0.4146513672 0.2270895508 0.4336402344
081686 0.2534414063 0.4243398438 0.2608041992 0.4410032227
008169 0.4253906250 0.2972656250 0.4535156250 0.3250000000
008169 0.5167968750 0.2941406250 0.5449218750 0.3207031250
008169 0.6003906250 0.2945312500 0.6277343750 0.3210937500
081780 0.5742187500 0.4726562500 0.5957031250 0.4941406250
081780 0.5742187500 0.4934912109 0.5983072754 0.5169270996
082216 0.7405615234 0.4478608398 0.7527938965 0.4603807617
082246 0.6069335938 0.3691406250 0.6425781250 0.4033203125
082318 0.8580712891 0.4394531250 0.8932291504 0.4772135254
082324 0.4061259766 0.4541791992 0.4169767090 0.4665798828
082401 0.6103515625 0.4560546875 0.6289062500 0.4741210938
082401 0.6293945312 0.4565429688 0.6479492188 0.4746093750
008241 0.6059570312 0.4736328125 0.6245117188 0.5239257812
082508 0.4716796875 0.4560546875 0.4785156250 0.4628906250
082508 0.4790039062 0.4550781250 0.4858398438 0.4619140625
082524 0.5526318359 0.4620888672 0.5623318359 0.4711429199
008266 0.4080292969 0.4442875977 0.4196317871 0.4563737793
082748 0.8256835938 0.4252929688 0.8393554688 0.4414062500
082748 0.7866210938 0.4711914062 0.8017578125 0.4858398438
082748 0.6381835938 0.4765625000 0.6464843750 0.4843750000
083078 0.0963540039 0.4459633789 0.1158854004 0.4707031250
083118 0.4302675781 0.4554067383 0.4418699707 0.4674930176
083118 0.5593457031 0.4500888672 0.5709506348 0.4612076172
083118 0.5994726563 0.4500888672 0.6115601563 0.4616916992
083195 0.1365771484 0.4461757813 0.1406462305 0.4566137207
083195 0.4599750977 0.4531059570 0.4689976563 0.4611187012
008320 0.6479492188 0.4584960938 0.6738281250 0.4858398438
008320 0.6484375000 0.4897460938 0.6728515625 0.5166015625
083422 0.3156044922 0.3954755859 0.3372697754 0.4184343750
000834 0.5983056641 0.4596352539 0.6321598633 0.4934895996
083572 0.7385644531 0.4612973633 0.7471969727 0.4704961914
083599 0.8831689453 0.3968251953 0.8971199219 0.4189143066
083599 0.9312207031 0.4026381836 0.9440058105 0.4247271973
083632 0.4355854492 0.4607246094 0.4433207031 0.4689433594
008371 0.6211718750 0.4547119141 0.6306041504 0.4649769043
083828 0.0403645996 0.4557290039 0.0520833496 0.4674479004
083879 0.3290087891 0.4359653320 0.3410218262 0.4487537109
083888 0.2631835938 0.2070312500 0.3237304688 0.2675781250
083888 0.3291015625 0.1962890625 0.3955078125 0.2558593750
083895 0.4022509766 0.4204643555 0.4189143066 0.4379030273
083899 0.9881250000 0.4478051758 1.0003310059 0.4645096680
083944 0.4103886719 0.4510791016 0.4227895508 0.4650297852
084126 0.4471625977 0.3482216797 0.4850686035 0.3893400391
084252 0.0616777344 0.4349555664 0.0732421875 0.4529449219
084252 0.4439506836 0.4452353516 0.4542300781 0.4580849121
084252 0.7876757813 0.3848427734 0.7973118652 0.4041169922
084263 0.5073242188 0.3896484375 0.5302734375 0.4121093750
084263 0.5981445312 0.3891601562 0.6201171875 0.4106445312
084294 0.7604150391 0.4785156250 0.7825520996 0.5019531250
084294 0.7610693359 0.5026025391 0.7819010254 0.5260416504
084327 0.4138764648 0.4472036133 0.4247271973 0.4576667969
084374 0.4488305664 0.4659692383 0.4549749023 0.4717896484
084476 0.2705078125 0.4897460938 0.2788085938 0.4985351562
084783 0.9049462891 0.3470053711 0.9251302246 0.3704427246
084783 0.9635400391 0.3567709961 0.9798193359 0.3776041504
084963 0.2916665039 0.4257812500 0.3066406250 0.4407552246
084963 0.2923178711 0.4433593750 0.3079427246 0.4583333496
085195 0.2895507812 0.2812500000 0.3222656250 0.3125000000
085195 0.4941406250 0.2651367188 0.5283203125 0.2978515625
085447 0.4316406250 0.4244790039 0.4453125000 0.4381511719
085447 0.4733071289 0.4238281250 0.4869791504 0.4368489746
085447 0.5141601562 0.4228515625 0.5273437500 0.4355468750
085447 0.5546875000 0.4218750000 0.5688476562 0.4345703125
008558 0.4732143555 0.4227119141 0.4829799316 0.4324776855
008558 0.5066943359 0.4213168945 0.5161788574 0.4313616211
008558 0.5396191406 0.4204799805 0.5493861816 0.4299665039
085822 0.7667968750 0.4289062500 0.7773437500 0.4406250000
085822 0.8457031250 0.4414062500 0.8531250000 0.4519531250
085822 0.8539062500 0.4421875000 0.8625000000 0.4527343750
085865 0.8262255859 0.4580849609 0.8480674316 0.4831414551
085881 0.7172851562 0.4399414062 0.7446289062 0.4667968750
085881 0.7182617188 0.4677734375 0.7456054688 0.4956054688
086245 0.8056640625 0.3564453125 0.8315429688 0.3842773438
086245 0.8344726562 0.3574218750 0.8598632812 0.3862304688
086245 0.3237304688 0.3476562500 0.3540039062 0.3769531250
008629 0.0004834468 0.3398632812 0.0212716792 0.3795057129
086335 0.5117187500 0.1878906250 0.5566406250 0.2218750000
086340 0.1716235352 0.4143139648 0.1832263184 0.4317179688
086340 0.6454003906 0.4346186523 0.6570041992 0.4471886230
086368 0.2809555664 0.4367402344 0.2867683594 0.4491412598
086368 0.6091894531 0.4487539063 0.6177145508 0.4568917480
086368 0.9525341797 0.4371279297 0.9610615234 0.4479786621
086462 0.3118232422 0.4583076172 0.3248762207 0.4723272461
086462 0.8943750000 0.4641088867 0.9047564453 0.4795791992
086506 0.2402729492 0.4225327148 0.2571937012 0.4418703613
086506 0.4336518555 0.4234995117 0.4515393066 0.4418703613
086506 0.5119677734 0.4210820312 0.5327583496 0.4428372559
086596 0.7358056641 0.4046450195 0.7536935547 0.4230158203
086658 0.8760351562 0.3628598633 0.9018841797 0.3982843262
086665 0.5932617188 0.4536132812 0.6093750000 0.4702148438
086665 0.5917968750 0.4707031250 0.6088867188 0.4882812500
086812 0.1282553711 0.4941406250 0.1555989746 0.5286458496
087231 0.2842666016 0.3896582031 0.3089225098 0.4133470215
087328 0.6614599609 0.4772133789 0.6783854004 0.4947916504
087328 0.6614599609 0.4947900391 0.6796875000 0.5123697754
087349 0.6196289062 0.4702148438 0.6333007812 0.4853515625
087349 0.6362304688 0.4697265625 0.6499023438 0.4848632812
087531 0.3360146484 0.3019633789 0.3694232910 0.3340871582
087685 0.5912548828 0.4476718750 0.6009243652 0.4568572266
087691 0.3191406250 0.4765625000 0.3363281250 0.4949218750
087701 0.5364599609 0.4928369141 0.5540364746 0.5117187500
087851 0.2771240234 0.4253188477 0.2962021973 0.4426654785
087851 0.3501489258 0.4253188477 0.3673427246 0.4430101563
087862 0.6444775391 0.4411176758 0.6575150879 0.4547119141
087876 0.0781250000 0.4710937500 0.1058593750 0.5074218750
087927 0.6479492188 0.3686523438 0.6884765625 0.4086914062
087927 0.6474609375 0.4150390625 0.6884765625 0.4560546875
087959 0.2881816406 0.2709482422 0.3274356445 0.3082873535
087970 0.5956054687 0.4430024414 0.6052117676 0.4535873535
088023 0.0397739258 0.4333090820 0.0488281250 0.4475372559
088023 0.0776074219 0.4291054687 0.0876319336 0.4465671387
088027 0.9692382812 0.2724609375 0.9995117188 0.3125000000
088185 0.4827841797 0.4152006836 0.4992756836 0.4326624512
088185 0.5558642578 0.4135839844 0.5739729980 0.4323391113
088267 0.3979877930 0.4235644531 0.4173642090 0.4410032227
088333 0.7753906250 0.3969726562 0.8066406250 0.4291992188
088333 0.7832031250 0.4926757812 0.8046875000 0.5263671875
088472 0.0989414063 0.2704819336 0.1195003906 0.3096730957
088472 0.9823437500 0.4156816406 0.9939093262 0.4304584473
088663 0.4168173828 0.4358959961 0.4271649902 0.4455970703
088672 0.5332031250 0.4791665039 0.5423177246 0.4915364746
088672 0.5318994141 0.4915380859 0.5442708496 0.5019531250
088690 0.0494707031 0.3193100586 0.0751696289 0.3501487305
088732 0.4189453125 0.4003906250 0.4360351562 0.4184570312
088732 0.7436523438 0.3867187500 0.7636718750 0.4091796875
088732 0.7656250000 0.3876953125 0.7851562500 0.4096679688
089092 0.8020361328 0.3857905273 0.8213760742 0.4075456543
089239 0.2123637695 0.4825366211 0.2352275391 0.5014570801
089550 0.6874462891 0.4786440430 0.7028680176 0.4979183594
008961 0.3824062500 0.4786123047 0.3915918945 0.4921485840
089739 0.0718061523 0.4203046875 0.1091452148 0.4691328125
089780 0.3026059570 0.4028320312 0.3270199219 0.4278885742
089860 0.3169951172 0.3979877930 0.3390841797 0.4212394531
090013 0.1670434570 0.3854853516 0.1779656738 0.4028320312
090013 0.6411914063 0.4330283203 0.6521124512 0.4458778809
090103 0.3176245117 0.4645922852 0.3311606445 0.4790957520
090209 0.0029006787 0.2523593750 0.0372253857 0.3016708984
090209 0.1310141602 0.2982866211 0.1580871094 0.3388961914
090326 0.2697631836 0.4752280273 0.2789488770 0.4892481445
090380 0.3228081055 0.4599916992 0.3359839844 0.4731677734
090426 0.2300063477 0.3527187500 0.2576326172 0.3842002441
090444 0.7024462891 0.4389697266 0.7130839844 0.4505724121
090444 0.8189599609 0.4462211914 0.8305615723 0.4602413574
090444 0.8586035156 0.4486386719 0.8687538574 0.4626585938
090495 0.6623925781 0.4420229492 0.6745990723 0.4555149902
090520 0.0182136719 0.4220146484 0.0290643555 0.4375152344
090520 0.1069570313 0.4317026367 0.1162574219 0.4452660156
090520 0.1340834961 0.4332529297 0.1449342773 0.4464285645
090520 0.6143945312 0.4533579102 0.6231244629 0.4627354004
090960 0.2797851562 0.4438476562 0.3002929688 0.4648437500
090960 0.3012695312 0.4423828125 0.3208007812 0.4643554688
090960 0.7114257812 0.4716796875 0.7343750000 0.4936523438
090971 0.7401562500 0.4863476562 0.7527266602 0.5003674316
091058 0.8880908203 0.4718442383 0.9035620117 0.4873143555
091061 0.7211914062 0.4663085938 0.7309570312 0.4750976562
091061 0.7211914062 0.4545898438 0.7309570312 0.4648437500
091075 0.3122431641 0.4606547852 0.3295898438 0.4869962891
091084 0.7180810547 0.4320903320 0.7393973145 0.4522414062
091200 0.4464287109 0.4696801758 0.4537915527 0.4774305664
091207 0.8164062500 0.4511718750 0.8286132812 0.4648437500
091207 0.1123046875 0.4677734375 0.1206054688 0.4780273438
091207 0.1113281250 0.4799804688 0.1215820312 0.4916992188
091213 0.6608740234 0.4457377930 0.6695737793 0.4558903320
091261 0.4344155273 0.4483662109 0.4437159180 0.4580542969
091399 0.4399365234 0.4554067383 0.4500889648 0.4650757812
091534 0.9681005859 0.4700522461 0.9837239746 0.4889322754
091534 0.9687500000 0.4869790039 0.9837239746 0.5084635254
091574 0.2508422852 0.3676469727 0.2795649414 0.3973269043
091683 0.6893945313 0.4196318359 0.7043819824 0.4360689941
091702 0.7877587891 0.3391928711 0.8151041504 0.3684895996
091702 0.8587255859 0.3489584961 0.8828125000 0.3776041504
091702 0.9212255859 0.3600258789 0.9427083496 0.3860677246
091711 0.6611328125 0.3237304688 0.6977539062 0.3603515625
091711 0.5151367188 0.3193359375 0.5541992188 0.3574218750
091731 0.6425000000 0.4418701172 0.6536200684 0.4529896484
091767 0.6487841797 0.4384863281 0.6565207520 0.4491220703
091792 0.6845605469 0.4268833008 0.7005144043 0.4418703613
091814 0.1518554688 0.4584960938 0.1586914062 0.4667968750
091895 0.0531791992 0.4302675781 0.0657487793 0.4467048340
091961 0.6855322266 0.4134887695 0.7010323730 0.4282148926
092152 0.4492187500 0.4437500000 0.4605468750 0.4554687500
009231 0.1821289062 0.2397460938 0.2138671875 0.3017578125
092367 0.0755209961 0.2369790039 0.1067708496 0.2845052246
092367 0.1536459961 0.2740883789 0.1744791504 0.3157552246
092367 0.2070312500 0.3046875000 0.2239583496 0.3411458496
009242 0.8416406250 0.4041171875 0.8570621094 0.4214638184
092456 0.2984375000 0.4748574219 0.3148437500 0.4926266113
092456 0.9187500000 0.4484375000 0.9398437500 0.4756386719
092572 0.3662109375 0.3833007812 0.3886718750 0.4062500000
092572 0.6772460938 0.4038085938 0.6962890625 0.4223632812
092572 0.6972656250 0.4042968750 0.7133789062 0.4218750000
092777 0.4221064453 0.4375258789 0.4355982910 0.4497327148
093045 0.7167968750 0.4095053711 0.7330729004 0.4277343750
093045 0.7871093750 0.4134116211 0.8033854004 0.4296875000
093127 0.4410034180 0.4599916992 0.4503038086 0.4708426270
093194 0.3700659180 0.4058232422 0.3906250000 0.4278885254
093265 0.6726123047 0.4147973633 0.6871146973 0.4288172852
093332 0.1593339844 0.3071030273 0.2010947754 0.3456517090
093332 0.6707421875 0.3687807617 0.7002980957 0.3964072754
093332 0.7651904297 0.3719931641 0.7921720703 0.4021895508
093350 0.0991064453 0.4297841797 0.1068417480 0.4423538086
093350 0.5922216797 0.4607246094 0.5989905762 0.4694268066
093443 0.4651523437 0.4587275391 0.4737777344 0.4670096191
093491 0.7913134766 0.4576640625 0.8117518066 0.4859855957
093504 0.4541572266 0.4663642578 0.4608154297 0.4730224609
009356 0.0685917969 0.4452661133 0.0759548828 0.4545666016
009356 0.1782612305 0.4464287109 0.1875620117 0.4568917480
009356 0.2135263672 0.4433286133 0.2236018066 0.4545666016
009356 0.8087646484 0.2127509766 0.8424789062 0.2797929687
093610 0.8157177734 0.2039291992 0.8530560547 0.2747778320
093752 0.5907861328 0.4507709961 0.5979020020 0.4598251465
093780 0.3227539062 0.4809570312 0.3383789062 0.4980468750
093851 0.1510415039 0.2102866211 0.1809895996 0.2591145996
093851 0.2259116211 0.2610678711 0.2473958496 0.3014322754
093851 0.2773437500 0.3001303711 0.2910156250 0.3346354004
093873 0.0502783203 0.2866840820 0.0918548828 0.3359956055
093879 0.8243359375 0.4480698242 0.8549708984 0.4892386719
009389 0.4203745117 0.4436567383 0.4336325684 0.4578849121
009401 0.0449218750 0.4350585938 0.0566406250 0.4487304688
009401 0.2851562500 0.4350585938 0.2983398438 0.4477539062
009401 0.2998046875 0.4326171875 0.3120117188 0.4482421875
094144 0.8906250000 0.1061196289 0.9687500000 0.1803383789
094144 0.8912744141 0.1855468750 0.9700522461 0.2682290039
094200 0.8442138672 0.3739204102 0.8711965332 0.4015470703
094287 0.8208935547 0.3688701172 0.8498994629 0.3973932617
094297 0.7281250000 0.2785156250 0.7757812500 0.3277343750
094297 0.6144531250 0.4617187500 0.6238281250 0.4707031250
094297 0.5703125000 0.4613281250 0.5773437500 0.4695312500
094307 0.4737778320 0.2958696289 0.4834467773 0.3403465332
094307 0.8919580078 0.4504477539 0.9021117187 0.4627357910
094440 0.4902343750 0.2766928711 0.5397133789 0.3216145996
094598 0.0212716797 0.4239829102 0.0309405762 0.4355855469
094598 0.6023730469 0.4544399414 0.6120436035 0.4641088867
094688 0.0833334961 0.5026025391 0.0970052246 0.5227864746
094777 0.8346337891 0.4700522461 0.8554687500 0.4928385254
094910 0.1542968750 0.4936523438 0.1645507812 0.5053710938
094910 0.3725585938 0.5156250000 0.3876953125 0.5317382812
094932 0.3374023438 0.4594726562 0.3540039062 0.4799804688
094932 0.0962890625 0.4785839844 0.1031766113 0.4871087891
094932 0.2496093750 0.4714140625 0.2618222656 0.4896708496
094935 0.7880859375 0.4428710938 0.8066406250 0.4824218750
094935 0.5141601562 0.4744296875 0.5285754883 0.4945482422
094966 0.8339453125 0.3930419922 0.8508663574 0.4118966797
095018 0.4177875977 0.4362192383 0.4307222656 0.4491540527
095151 0.8242187500 0.4718750000 0.8500000000 0.4988281250
095151 0.9460937500 0.4953125000 0.9578125000 0.5105468750
095303 0.0861674805 0.2987133789 0.1129748535 0.3303079102
095377 0.4492187500 0.4703613281 0.4676642578 0.4887035156
095500 0.3929501953 0.4328652344 0.4080636230 0.4468161133
095500 0.5979492187 0.4293774414 0.6126767090 0.4441034180
095500 0.6483300781 0.4286025391 0.6638299805 0.4441034180
095578 0.8688330078 0.4119389648 0.8858816895 0.4286024414
095578 0.9339355469 0.4138764648 0.9480391602 0.4313150879
095658 0.7904345703 0.4863476562 0.7991349121 0.4964998535
095714 0.3084389648 0.3780551758 0.3330948242 0.4017442871
096053 0.4534731445 0.4539565430 0.4616916016 0.4650757812
096069 0.3190747070 0.4660424805 0.3301941406 0.4800632324
096069 0.6695751953 0.4336518555 0.6821434082 0.4476717285
096224 0.8813476562 0.4443359375 0.9047851562 0.4765625000
096439 0.3561352539 0.4526289063 0.3642732910 0.4615420410
009652 0.0000000000 0.4471884766 0.0116027344 0.4597579102
009652 0.4428374023 0.4616918945 0.4549234375 0.4732943848
096661 0.4107763672 0.4375156250 0.4247271973 0.4520227539
096661 0.5867138672 0.4716176758 0.5960131348 0.4816933105
096661 0.5867138672 0.4813056641 0.5956256348 0.4911819336
096676 0.7900390625 0.2285156250 0.8559570312 0.2958984375
096676 0.2988281250 0.4946289062 0.3139648438 0.5102539062
096688 0.6339892578 0.4402280273 0.6452288086 0.4534040039
096971 0.9303369141 0.3789062500 0.9518229004 0.4049479004
097222 0.6015625000 0.3149414062 0.6440429688 0.3564453125
097222 0.3505859375 0.4819335938 0.3657226562 0.4985351562
097426 0.7452099609 0.4433286133 0.7564483887 0.4561166992
097426 0.8459667969 0.4553417969 0.8552662109 0.4654172852
097426 0.8823925781 0.4565043945 0.8916945801 0.4661923340
097468 0.8328125000 0.4710937500 0.8437500000 0.4878906250
097496 0.7218896484 0.4222197266 0.7381662598 0.4404104004
097597 0.1689609375 0.4336401367 0.1782614258 0.4456535156
097597 0.2050004883 0.4317026367 0.2162388184 0.4437159180
097620 0.2690429688 0.4819335938 0.2841796875 0.4960937500
097673 0.9363525391 0.2460556641 0.9765625000 0.3006279297
097727 0.6120458984 0.4539565430 0.6202622070 0.4631420410
097737 0.2144609375 0.2967983398 0.2393535645 0.3542431641
097756 0.4986962891 0.1803383789 0.5625000000 0.2311196289
097776 0.5922851562 0.2856445312 0.6401367188 0.3334960938
097811 0.3384125977 0.4935986328 0.3461479004 0.5013337891
097848 0.6879882812 0.4594726562 0.6958007812 0.4667968750
097848 0.6879882812 0.4692382812 0.6958007812 0.4780273438
098018 0.4323857422 0.4163242187 0.4458778809 0.4298160156
009823 0.3177705078 0.4189145508 0.3247458008 0.4332527344
009823 0.6250781250 0.4495288086 0.6328279785 0.4568917480
009823 0.9738476563 0.4278271484 0.9819878418 0.4398406738
098340 0.4156816406 0.4060444336 0.4314075684 0.4239168945
098439 0.7578125000 0.4189453125 0.7958984375 0.4624023438
098439 0.7548828125 0.4648437500 0.7919921875 0.5078125000
009854 0.7696484375 0.4312343750 0.7827003418 0.4462213867
098551 0.8407128906 0.4607246094 0.8494160156 0.4699102539
098619 0.4289091797 0.4228369141 0.4451852051 0.4439000488
098790 0.6411914063 0.4317426758 0.6521105957 0.4433074707
098793 0.5869140625 0.0004882812 0.7211914062 0.0727539062
009952 0.4255034180 0.4351894531 0.4375157227 0.4460408203
