0.9749545808
0.9749545808
0.9749545808
0.9741759668
0.9657409811
0.9575655334
0.9531533870
0.9482221645
0.9438100182
0.9410848689
0.9390085648
0.9361536465
0.9335582663
0.9308331171
0.9287568129
0.9253828186
0.9242148975
0.9221385933
0.9199325201
0.9186348300
0.9169478329
0.9151310667
0.9135738386
0.9108486893
0.9095509992
0.9082533091
0.9060472359
0.9038411627
0.9015053205
0.8991694783
0.8964443291
0.8943680249
0.8929405658
0.8900856475
0.8877498053
0.8856735012
0.8828185829
0.8804827407
0.8768492084
0.8738645212
0.8710096029
0.8675058396
0.8651699974
0.8623150792
0.8584220088
0.8550480145
0.8518037893
0.8492084090
0.8454451077
0.8420711134
0.8393459642
0.8363612769
0.8323384376
0.8285751363
0.8250713730
0.8219569167
0.8192317675
0.8161173112
0.8123540099
0.8097586296
0.8053464833
0.8010641059
0.7962626525
0.7912016610
0.7867895147
0.7821178303
0.7761484557
0.7712172333
0.7665455489
0.7625227096
0.7584998702
0.7542174929
0.7492862704
0.7434466649
0.7359200623
0.7300804568
0.7250194654
0.7200882429
0.7130807163
0.7063327277
0.7001038152
0.6924474436
0.6844017649
0.6757072411
0.6638982611
0.6555930444
0.6449519855
0.6352193096
0.6244484817
0.6118608876
0.5965481443
0.5830521671
0.5648845056
0.5481443031
0.5279003374
0.5015572281
0.4720996626
0.4371917986
0.3911237996
0.3244225279
0.0000000000
