0.9819621074
0.9819621074
0.9819621074
0.9771606540
0.9696340514
0.9639242149
0.9605502206
0.9574357643
0.9540617700
0.9519854659
0.9487412406
0.9467947054
0.9452374773
0.9438100182
0.9423825590
0.9416039450
0.9403062549
0.9384894887
0.9370620296
0.9347261874
0.9332987283
0.9307033480
0.9288865819
0.9270698157
0.9249935115
0.9238255904
0.9216195173
0.9201920581
0.9175966779
0.9159096808
0.9140929146
0.9126654555
0.9100700753
0.9074746950
0.9051388528
0.9031923177
0.9015053205
0.8987801713
0.8967038671
0.8938489489
0.8909940306
0.8880093434
0.8854139631
0.8835971970
0.8806125097
0.8767194394
0.8734752141
0.8704905269
0.8675058396
0.8642616143
0.8611471581
0.8582922398
0.8556968596
0.8528419413
0.8507656372
0.8475214119
0.8441474176
0.8402543473
0.8363612769
0.8331170516
0.8279262912
0.8228652998
0.8189722294
0.8155982351
0.8109265507
0.8070334804
0.8031404101
0.7978198806
0.7944458863
0.7902932780
0.7845834415
0.7793926810
0.7734233065
0.7690111601
0.7643394757
0.7583701012
0.7539579548
0.7473397353
0.7390345186
0.7318972229
0.7269660005
0.7200882429
0.7106151051
0.7023098884
0.6949130548
0.6855696860
0.6744095510
0.6629898780
0.6506618220
0.6402803011
0.6288606281
0.6135478848
0.5961588373
0.5817544770
0.5613807423
0.5378925513
0.5090838308
0.4720996626
0.4277186608
0.3562159356
0.0000000000
