0.9501686997
0.9501686997
0.9501686997
0.9496496237
0.9439397872
0.9377108746
0.9310926551
0.9266805087
0.9227874384
0.9191539060
0.9169478329
0.9135738386
0.9117570724
0.9101998443
0.9082533091
0.9064365430
0.9047495458
0.9033220867
0.9024137036
0.9009862445
0.8994290164
0.8972229432
0.8948871010
0.8932001038
0.8917726447
0.8903451856
0.8886581884
0.8863223462
0.8842460420
0.8816506618
0.8797041267
0.8772385154
0.8750324423
0.8728263691
0.8708798339
0.8694523748
0.8668569945
0.8655593044
0.8634830003
0.8611471581
0.8590708539
0.8554373216
0.8528419413
0.8511549442
0.8480404879
0.8438878796
0.8411627303
0.8386971191
0.8361017389
0.8333765897
0.8296132883
0.8274072152
0.8236439138
0.8201401505
0.8162470802
0.8119647028
0.8072930184
0.8033999481
0.7996366468
0.7957435764
0.7934077342
0.7892551259
0.7849727485
0.7815987542
0.7777056839
0.7738126135
0.7691409291
0.7635608617
0.7599273294
0.7561640280
0.7511030366
0.7453932001
0.7389047495
0.7326758370
0.7281339216
0.7221645471
0.7161951726
0.7110044121
0.7016610433
0.6947832858
0.6882948352
0.6808980016
0.6744095510
0.6649364132
0.6553335064
0.6456008305
0.6363872307
0.6248377887
0.6122501947
0.6019984428
0.5879833896
0.5708538801
0.5550220607
0.5358162471
0.5125875941
0.4858551778
0.4473137815
0.4031923177
0.3480404879
0.2483778874
0.0000000000
