0.9817025694
0.9817025694
0.9817025694
0.9784583441
0.9701531274
0.9639242149
0.9580846094
0.9541915391
0.9509473138
0.9491305476
0.9478328575
0.9453672463
0.9435504801
0.9413444070
0.9387490267
0.9365429535
0.9347261874
0.9326498832
0.9308331171
0.9281079678
0.9247339735
0.9213599792
0.9190241370
0.9172073709
0.9134440696
0.9107189203
0.9079937711
0.9053983909
0.9017648586
0.8986504023
0.8960550221
0.8924214897
0.8889177264
0.8859330392
0.8825590449
0.8785362056
0.8752919803
0.8720477550
0.8673760706
0.8645211523
0.8598494679
0.8573838567
0.8537503244
0.8488191020
0.8449260317
0.8411627303
0.8368803530
0.8328575136
0.8285751363
0.8227355308
0.8180638464
0.8143005450
0.8110563198
0.8063846353
0.8022320270
0.7974305736
0.7928886582
0.7888658188
0.7831559824
0.7780949909
0.7745912276
0.7694004672
0.7647287828
0.7592784843
0.7539579548
0.7488969634
0.7435764339
0.7392940566
0.7331949131
0.7278743836
0.7213859330
0.7152867895
0.7073708798
0.7012717363
0.6947832858
0.6884246042
0.6810277706
0.6735011679
0.6666234103
0.6588372697
0.6513106670
0.6430054503
0.6352193096
0.6256164028
0.6145860369
0.6056319751
0.5951206852
0.5847391643
0.5708538801
0.5578769790
0.5465870750
0.5328315598
0.5173890475
0.4989618479
0.4823514145
0.4578250714
0.4308331171
0.3994290164
0.3546587075
0.2891253569
0.0000000000
