037145 0.4192709923 0.2604165077 0.4778647423 0.3098959923
048586 0.6992187500 0.2324218750 0.7662743926 0.2942709923
057526 0.2592773438 0.4331054688 0.3227539062 0.4946289062
060637 0.8901367188 0.4565429688 0.9418945312 0.5063476562
071597 0.8332909942 0.3379418850 0.9200249314 0.4208212793
081455 0.6556006074 0.2447915077 0.7174477577 0.2994790077
084289 0.8735351562 0.4316406250 0.9877929688 0.5595703125
008714 0.6770849824 0.2141928673 0.7434868217 0.2701821327
012614 0.2578125000 0.2280273438 0.3105468750 0.2783203125
026066 0.8979492188 0.4482421875 0.9428710938 0.5112304688
033913 0.0522460938 0.4633789062 0.0937500000 0.5166015625
035205 0.8120117188 0.4868164062 0.8559570312 0.5356445312
053304 0.3136718869 0.2078125030 0.3691406250 0.2566406131
060094 0.1152343750 0.2571616173 0.1634114683 0.3105468750
080525 0.0507812500 0.0917968750 0.1367187500 0.1764321327
091465 0.8919287324 0.3899741173 0.9563803673 0.4726562500
097756 0.2089843750 0.2135415077 0.2610678673 0.2597656250
097756 0.4277343750 0.1829428673 0.4882812500 0.2330727577
098793 0.0000000000 0.0957031250 0.0590820312 0.1782226562
016921 0.3774414062 0.1303710938 0.4707031250 0.1992187500
036945 0.3238076270 0.2165141553 0.3437243104 0.2756220698
048857 0.4175781310 0.0957031250 0.5205107331 0.1754013598
056587 0.3921875060 0.2410156280 0.4082031250 0.2925781310
061383 0.0478515625 0.3457031250 0.0898437500 0.4052734375
083888 0.3291015625 0.1962890625 0.3955078125 0.2558593750
010496 0.2687963843 0.1131264642 0.3016710579 0.1812924743
018605 0.0660615265 0.1694623977 0.1129748523 0.2527573109
020605 0.6197803020 0.2716972530 0.6366994381 0.3292270601
021840 0.1034384742 0.2357885689 0.1355623007 0.2846165597
002272 0.8695166111 0.1464843750 0.9371244907 0.2159707099
025510 0.8461377025 0.4495288134 0.8699115515 0.5101255178
038365 0.0526577160 0.0555297844 0.1196767613 0.1369101554
042260 0.4461547732 0.0765932649 0.4681755304 0.1541435570
042332 0.4069008827 0.4622397423 0.4570312500 0.5130209923
043013 0.8712451458 0.2470126897 0.9105009437 0.3025429547
043792 0.2021484375 0.1923828125 0.2407226562 0.2592773438
046423 0.8894384503 0.1828662157 0.9363511205 0.2374389619
050937 0.4432827234 0.2996703982 0.4700903893 0.3762636781
051031 0.0019274268 0.3083881736 0.0334087238 0.3572162688
051633 0.0411184095 0.4638671875 0.0764545426 0.5171929002
053304 0.8441406488 0.2230468690 0.8917968869 0.2710937560
058978 0.7298535109 0.2634150386 0.7523444891 0.3205952048
060099 0.9033203125 0.4130859375 0.9462890625 0.4775390625
062161 0.3655683696 0.0700297877 0.3867701590 0.1464843750
062770 0.6807226539 0.2163754851 0.7123161554 0.2862671018
067280 0.6861621141 0.4709345698 0.7382041216 0.5249023438
070524 0.3847656250 0.2827148438 0.4360351562 0.3330078125
076626 0.9162451029 0.3561577201 0.9641160965 0.4040285647
008153 0.0263415035 0.2820468843 0.0578228012 0.3321596682
089545 0.2450981438 0.4040288031 0.3063725531 0.4748774469
009231 0.0585937500 0.1591796875 0.1108398438 0.2368164062
009356 0.7215722799 0.2937436402 0.7421100140 0.3414093256
093610 0.7295507789 0.2824370265 0.7486978769 0.3331801891
009397 0.5512450933 0.4278886616 0.5718053579 0.4760742188
094307 0.4283339977 0.2156171948 0.4462213814 0.2779819369
096895 0.0000000000 0.3071035147 0.0648899302 0.4355981350
097737 0.0957412124 0.2383959889 0.1359528303 0.2987133861
010705 0.1419272423 0.2695312500 0.1712239683 0.3183593750
011184 0.2747397423 0.2063803673 0.3229166567 0.2486981899
012614 0.5097656250 0.2138671875 0.5683593750 0.2656250000
012614 0.6889648438 0.2255859375 0.7416992188 0.2768554688
037039 0.5324218869 0.2382812500 0.5820312500 0.2824218869
037039 0.3109374940 0.2488281280 0.3609375060 0.2941406369
004710 0.1002602503 0.0286458489 0.2115883827 0.1100237817
053304 0.5558593869 0.1929687560 0.6171875000 0.2429687530
053944 0.5437499881 0.1695312560 0.6035156250 0.2160156220
053944 0.2714843750 0.1847656220 0.3234375119 0.2328124940
054525 0.2636718750 0.2578125000 0.3125000000 0.3046875000
006560 0.1217446253 0.0377603993 0.2011718750 0.1028639153
066056 0.2688803673 0.2226562500 0.3261718750 0.2740883827
069522 0.2942709923 0.2441406250 0.3509116173 0.2949218750
081601 0.1523437500 0.2389321327 0.1829427183 0.2910156250
092367 0.0755209997 0.2369790077 0.1067708507 0.2845052183
093851 0.1510415077 0.2102866173 0.1809895933 0.2591145933
098793 0.5869140625 0.0004882812 0.7211914062 0.0727539062
012643 0.0322265625 0.3554687500 0.1098632812 0.4404296875
001557 0.2141669989 0.3567836881 0.2465578616 0.4157641530
018197 0.9436865449 0.3543662131 0.9925165772 0.4104462862
003265 0.7226562500 0.4760742188 0.7680664062 0.5292968750
043778 0.4446616173 0.0019531250 0.5800781250 0.0852866247
061033 0.2369790077 0.4238281250 0.2792968750 0.4798178673
062199 0.1064453125 0.4697265625 0.1713867188 0.5903320312
069963 0.1666357368 0.1643105447 0.1922122985 0.2143012732
072765 0.4472656250 0.3854165077 0.5182290077 0.4596352577
022006 0.0501303710 0.4108071327 0.1035156250 0.4628906250
089691 0.6173632741 0.5767529011 0.6686069369 0.6270302534
014966 0.1018598601 0.4805205166 0.1484243125 0.5384028554
017806 0.7659326196 0.4739204049 0.8339077234 0.5438115001
024143 0.0253906250 0.3059897423 0.1093750000 0.4088540077
040101 0.9219921827 0.4892382920 0.9842216969 0.5466836095
048607 0.4857109487 0.4863539934 0.5146225095 0.5756577253
053772 0.7948144674 0.5099804401 0.8700000048 0.5894252658
069570 0.7220068574 0.4654946327 0.7766928673 0.5208334923
084859 0.8695312738 0.2492187470 0.9250000119 0.3136718869
091514 0.8589892387 0.4612973630 0.9097436666 0.5152651072
096062 0.2211914062 0.4238281250 0.2700195312 0.4829101562
012614 0.3208007812 0.2216796875 0.3764648438 0.2714843750
053304 0.3808593750 0.2007812560 0.4398437440 0.2488281280
060094 0.2122397423 0.2311196327 0.2669272423 0.2858071327
012614 0.2558593750 0.1767578125 0.3090820312 0.2226562500
012614 0.4404296875 0.1616210938 0.4980468750 0.2070312500
000143 0.7718164325 0.2854780257 0.8203682899 0.3764760792
020968 0.8950195312 0.1220703125 0.9448242188 0.1870117188
026212 0.6568993926 0.3710937500 0.7259116173 0.4414062500
029347 0.9029931426 0.2721352577 0.9498697519 0.3300781250
031483 0.0070672361 0.3450092673 0.0391910151 0.3931949139
033477 0.7880859375 0.2788085938 0.8393554688 0.3300781250
037446 0.9437939525 0.3148129880 0.9887695312 0.3662109375
038199 0.0014648438 0.3041992188 0.0302734375 0.3559570312
046127 0.1206054688 0.1113281250 0.1992187500 0.1899414062
052335 0.1373696327 0.3261718750 0.1901040077 0.3776040077
053304 0.3132812381 0.1554687470 0.3691406250 0.2011718750
060784 0.5327148438 0.0273437500 0.6113281250 0.0771484375
061811 0.1804687530 0.4375000000 0.2195312530 0.5027343631
068678 0.2192382812 0.2426757812 0.2719726562 0.2934570312
006885 0.8940429688 0.3666992188 0.9453125000 0.4228515625
070719 0.0468750000 0.1184897497 0.0898437500 0.1718750000
075067 0.2988281250 0.0885415003 0.3782553673 0.1471352577
007736 0.8209618926 0.4322915077 0.8639322519 0.4882812500
082136 0.8632812500 0.1132812500 0.9427084923 0.1764321327
089845 0.7558593750 0.3886718750 0.8138022423 0.4492187500
094665 0.4049477577 0.2766928673 0.4589843750 0.3268227577
097776 0.5439453125 0.2871093750 0.5913085938 0.3334960938
010227 0.8635888696 0.1991420835 0.9200751781 0.2671186626
010375 0.5540381074 0.2200522423 0.6230468750 0.2825522423
016921 0.0317382812 0.2080078125 0.0722656250 0.2617187500
020968 0.9477539062 0.0952148438 0.9980468750 0.1606445312
023791 0.1230468750 0.2024741173 0.1542968750 0.2500000000
023926 0.6829443574 0.3450522423 0.7135416269 0.3932291567
024611 0.3232421875 0.2910156250 0.3574218750 0.3540039062
028425 0.6341162324 0.4186196327 0.6803385019 0.4674477577
031483 0.0102795903 0.4786440432 0.0443308093 0.5268297791
037446 0.9437939525 0.3886977434 0.9887695312 0.4413803816
037446 0.9476513863 0.4574423730 0.9913394451 0.5101255178
039785 0.1451821327 0.3997397423 0.1940101087 0.4511718750
044244 0.8598632812 0.4326171875 0.9038085938 0.4873046875
046127 0.2036132812 0.0825195312 0.2944335938 0.1640625000
048307 0.1555991173 0.4446616173 0.1796876490 0.4947915077
052214 0.8655029535 0.2460556626 0.9066712260 0.3015854359
052335 0.1295571327 0.5423193574 0.1959633827 0.6087241173
060784 0.7050781250 0.0444335938 0.7758789062 0.0947265625
060784 0.5341796875 0.0820312500 0.6123046875 0.1367187500
060784 0.7060546875 0.0981445312 0.7758789062 0.1538085938
063472 0.9248046875 0.4536132812 0.9697265625 0.5166015625
068066 0.7298193574 0.2500000000 0.7877631783 0.3092446327
068678 0.2734375000 0.2333984375 0.3310546875 0.2905273438
006892 0.3053383827 0.5553368926 0.3287760317 0.6119790077
072737 0.2389321327 0.2402343750 0.2994790077 0.2988281250
072737 0.7753906250 0.1093750000 0.8385415077 0.1621093750
072737 0.8437500000 0.1263022423 0.8990883827 0.1790366173
075067 0.4804687500 0.0800781250 0.5644531250 0.1367187500
007736 0.2825522423 0.2473959923 0.3430991173 0.3079428673
007736 0.8619775176 0.0878906250 0.9134116173 0.1386718750
007736 0.9179687500 0.1093750000 0.9622396231 0.1601562500
007736 0.8977881074 0.1536459923 0.9466146231 0.2096352577
080045 0.7154931426 0.3424477577 0.7382812500 0.3919272423
083888 0.1147460938 0.2441406250 0.1547851562 0.2924804688
008458 0.7946532965 0.1924404353 0.8559282422 0.2623315454
090424 0.4648437500 0.1748046875 0.5380859375 0.2392578125
010375 0.8040381074 0.3391928673 0.8496093750 0.3873696327
028134 0.9472656250 0.3873696327 0.9869791269 0.4414062500
084669 0.0185546875 0.3867187500 0.0561523438 0.4350585938
049843 0.8056640625 0.3610712886 0.8641269803 0.4400956929
051386 0.9028320312 0.4775390625 0.9550781250 0.5312500000
082650 0.8120898604 0.4118261635 0.8474273086 0.4600122571
090638 0.0651040003 0.3984375000 0.1386718750 0.4960937500
092868 0.7415381074 0.4003906250 0.7988281250 0.4615883827
014614 0.4837192297 0.2343750000 0.5468750000 0.2855556607
025287 0.6171875000 0.3002929688 0.6684570312 0.3471679688
065179 0.5327587724 0.3137568235 0.5815864801 0.3548498452
090420 0.2058442384 0.2115883827 0.3820083141 0.3686044812
017971 0.8808593750 0.5638037324 0.9199218750 0.6145834923
018693 0.0039062500 0.3940429688 0.0825195312 0.4848632812
022515 0.4882812500 0.2070312500 0.5553383827 0.2604165077
026401 0.5441747904 0.4156816304 0.5608809590 0.4664370120
003028 0.4036459923 0.4042968750 0.4342447817 0.4524741173
033162 0.4433593750 0.2096352577 0.5149741173 0.2708334923
033351 0.8151025176 0.2011718750 0.8880209923 0.2740883827
033700 0.3236059546 0.3772211969 0.3772211969 0.4806220829
035404 0.5195312500 0.3756508827 0.5761689544 0.4329428673
040402 0.1009116247 0.3873696327 0.1432291567 0.4505209923
041346 0.8348633051 0.4250918031 0.8827359080 0.4863662124
041464 0.8164062500 0.3481445312 0.8994140625 0.4335937500
041605 0.6699218750 0.3098959923 0.7024739981 0.3697915077
045535 0.7604150176 0.4095053673 0.8033853769 0.4609375000
004607 0.8197997808 0.4246762693 0.8628444076 0.4902085066
004999 0.4088540077 0.2480468750 0.4648437500 0.2988281250
051123 0.2924804688 0.4677734375 0.3442382812 0.5209960938
055149 0.4850258827 0.2636718750 0.5468750000 0.3203125000
055792 0.8657226562 0.4140625000 0.9121093750 0.4716796875
058604 0.2050781250 0.2604165077 0.2311197817 0.3125000000
065428 0.8867187500 0.3818359375 0.9257812500 0.4306640625
069108 0.8639306426 0.2649741173 0.9394531250 0.4153647423
070274 0.0039062500 0.3828125000 0.0546875000 0.4420571327
076619 0.5136718750 0.5917968750 0.6113281250 0.6868491173
080064 0.5123681426 0.6595068574 0.6289047599 0.7623754740
080391 0.8598632812 0.1733398438 0.9248046875 0.2470703125
083072 0.5263671875 0.2622070312 0.5864257812 0.3188476562
000962 0.1250000000 0.5659179688 0.1611328125 0.6171875000
097903 0.8075927496 0.4169663191 0.8371453881 0.4651519954
017897 0.9270849824 0.4667968750 0.9641927481 0.5182290077
020781 0.7602539062 0.2636718750 0.8085937500 0.3159179688
024258 0.1522290111 0.4518994093 0.2077587843 0.5160464048
050549 0.0160618648 0.6495410204 0.0533254407 0.6970857382
060637 0.5952148438 0.1381835938 0.6650390625 0.1918945312
018678 0.6582031250 0.3974609375 0.7084960938 0.4428710938
035175 0.3149414062 0.4726562500 0.3618164062 0.5454101562
003913 0.8622607589 0.4302978516 0.8902810216 0.4938300848
039628 0.6848974824 0.3854165077 0.7623696327 0.4531250000
041415 0.0110677248 0.3046875000 0.1054686010 0.3912758827
046907 0.1411132812 0.3505859375 0.2167968750 0.4472656250
004731 0.6250000000 0.3695312440 0.6964843869 0.4355468750
047413 0.6772460938 0.4877929688 0.7236328125 0.5385742188
054608 0.7861865163 0.3499155343 0.8617216945 0.4252475500
069108 0.8216162324 0.4264321327 0.9785171151 0.5729165077
077424 0.0986137688 0.4691328108 0.1512714773 0.5696616173
096950 0.0258501954 0.4595586061 0.0660615712 0.5074295402
014614 0.4203124940 0.2425781190 0.4851562381 0.3031249940
021525 0.7523437738 0.4421874881 0.8027343750 0.4929687381
032871 0.7105468512 0.4652343690 0.7578125000 0.5144531131
041523 0.7841796875 0.2246093750 0.8471679688 0.2885742188
042399 0.7290039062 0.4873046875 0.7744140625 0.5375976562
045367 0.7607421875 0.4145507812 0.8106977344 0.4628906250
056972 0.5898437500 0.2900390625 0.6386718750 0.3383789062
058636 0.3255209923 0.4700522423 0.3743489683 0.5195312500
077344 0.7135400176 0.4648437500 0.7630171180 0.5156250000
084565 0.3452148438 0.2856445312 0.3950195312 0.3330078125
087797 0.8953124881 0.1933593750 0.9695312381 0.2707031369
089845 0.7565087676 0.4511718750 0.8131508827 0.5130209923
090818 0.8510156274 0.4170825183 0.9125483632 0.4835937619
094015 0.6806640625 0.2954101562 0.7309570312 0.3447265625
012614 0.3203125000 0.1684570312 0.3754882812 0.2138671875
000143 0.7754247785 0.4050512612 0.8217573762 0.4985458851
038990 0.3859375119 0.4683593810 0.4332031310 0.5160156488
053304 0.3792968690 0.1449218690 0.4394531250 0.1929687560
090424 0.3715820312 0.1025390625 0.4462890625 0.1582031250
010705 0.0957031250 0.2486977577 0.1289062500 0.2975257337
011184 0.3808593750 0.1894531250 0.4303383827 0.2311197817
011184 0.5664062500 0.1822915077 0.6197915077 0.2246093750
012614 0.4399414062 0.2148437500 0.4980468750 0.2661132812
012614 0.6225585938 0.2192382812 0.6782226562 0.2709960938
017257 0.9205712676 0.4309897423 0.9648437500 0.4817709923
029098 0.1372070312 0.4663085938 0.1791992188 0.5175781250
037039 0.4398437440 0.2378906310 0.4886718690 0.2847656310
046324 0.9329443574 0.3027343750 0.9707031250 0.3528647423
004710 0.0078125000 0.0716147497 0.0924477503 0.1529946327
004710 0.2968750000 0.0000000000 0.4394531250 0.0677076802
004710 0.7259131074 0.0169270989 0.8463540077 0.1022137180
053304 0.4789062440 0.1945312470 0.5390625000 0.2457031310
053944 0.4078125060 0.1699218750 0.4671874940 0.2175781280
054525 0.3769531250 0.2473959923 0.4316406250 0.2936199307
054525 0.5794287324 0.2421875000 0.6373696327 0.2903645933
060094 0.3430991173 0.2076821327 0.4088540077 0.2669272423
065075 0.7242870927 0.3942055702 0.7744155526 0.4459633827
006560 0.0559897460 0.0709633753 0.1210937500 0.1347656250
006560 0.2871093750 0.0006510401 0.3990883827 0.0533854142
006560 0.6445312500 0.0000000000 0.7526054978 0.0462239757
065858 0.0390625000 0.5316406488 0.0847656280 0.5839843750
066056 0.2031250000 0.2324218750 0.2578125000 0.2819008827
066056 0.3893227577 0.2089843750 0.4518227577 0.2630209923
069522 0.2389321327 0.2519531250 0.2903647423 0.2994790077
069522 0.4134116173 0.2330727577 0.4720053673 0.2838540077
069522 0.6054687500 0.2330727577 0.6621093750 0.2838540077
081601 0.1158852503 0.2161459923 0.1510416567 0.2734375000
087799 0.7910156250 0.3919272423 0.8522133827 0.4596352577
092367 0.0384114757 0.2213540077 0.0742187500 0.2701819837
093851 0.1113281250 0.1881508827 0.1471354067 0.2382812500
094440 0.4003906250 0.2825522423 0.4485677183 0.3274739683
098793 0.8105468750 0.0332031250 0.9140625000 0.1186523438
098793 0.3315429688 0.0014648438 0.4697265625 0.0742187500
011294 0.3821616173 0.1764321327 0.4576821327 0.2389321327
021290 0.1044921875 0.2255859375 0.1596679688 0.2744140625
025555 0.4985351562 0.2983398438 0.5537109375 0.3520507812
035769 0.4615883827 0.3072915077 0.5091146231 0.3502604067
053944 0.0718749985 0.2257812470 0.1277343780 0.2917968631
058281 0.5618506074 0.1660156250 0.6510415077 0.2395834923
059347 0.1139321253 0.2239584923 0.1777343750 0.2936196327
084586 0.4875000119 0.2710937560 0.5421875119 0.3222656250
092923 0.2045898438 0.5019531250 0.2651367188 0.5625000000
097383 0.2675781250 0.3033852577 0.2968750000 0.3867187500
027009 0.1868491173 0.3893227577 0.2246095240 0.4589843750
029501 0.9036474824 0.3873696327 0.9472656250 0.4537758827
037468 0.8326806426 0.4134116173 0.8756510019 0.4609375000
066449 0.1113281250 0.4192709923 0.1445312500 0.4667968750
069725 0.9375000000 0.4042968750 0.9931640625 0.4667968750
084932 0.1613281220 0.4617187381 0.2074218690 0.5269531012
094063 0.2415366173 0.3242187500 0.2734375000 0.3932290077
016721 0.8704443574 0.2649741173 0.9179719687 0.3190102577
016921 0.2866210938 0.1401367188 0.3706054688 0.2070312500
018192 0.9062500000 0.4088540077 0.9583334923 0.4667968750
018660 0.5182275176 0.2838540077 0.5664062500 0.3294270933
022673 0.9023437500 0.4550781250 0.9563803673 0.5273437500
022673 0.9088525176 0.5292968750 0.9615883827 0.6022133827
027179 0.1799936593 0.4183901250 0.2182904333 0.4873237312
027983 0.7167968750 0.2200522423 0.7760415077 0.2766928673
028218 0.8154296875 0.3950195312 0.8847656250 0.4765625000
028218 0.8168945312 0.4843750000 0.8862304688 0.5625000000
034636 0.8785156012 0.4515624940 0.9207031131 0.5285156369
043852 0.6100243926 0.2539062500 0.6614555717 0.3033852577
054874 0.0000000000 0.3261718750 0.0209960938 0.3750000000
056587 0.3734374940 0.2214843780 0.3894531131 0.2777343690
067753 0.9277343750 0.4780273438 0.9648437500 0.5258789062
069776 0.2632890642 0.4078584015 0.2891391218 0.4863662124
070707 0.1876533180 0.4700903296 0.2307368219 0.5351943374
072765 0.4700522423 0.4622397423 0.4973958433 0.5371093750
073250 0.0364583507 0.4726562500 0.0722656250 0.5273437500
073250 0.0384114757 0.5260400176 0.0729166493 0.5800781250
007857 0.0760820284 0.0163999032 0.1589267552 0.1154750958
007857 0.0815292969 0.1066508815 0.1594755799 0.2208466828
083888 0.2631835938 0.2070312500 0.3237304688 0.2675781250
094144 0.8906250000 0.1061196253 0.9687500000 0.1803383827
094144 0.8912743926 0.1855468750 0.9700522423 0.2682290077
098677 0.9150390625 0.3437500000 0.9677734375 0.4052734375
014484 0.8443993926 0.3496093750 0.9342446327 0.4570312500
019325 0.2265625000 0.1979165077 0.2786459923 0.2460937500
019325 0.8001318574 0.1901040077 0.8548178673 0.2376297414
019325 0.9628906250 0.2597656250 1.0000000000 0.3483071327
024205 0.9509375095 0.4249497056 0.9915491939 0.4853803813
046874 0.8238281012 0.4121093750 0.8781250119 0.4683593810
046917 0.2154946327 0.4641928673 0.2747397423 0.5279946327
051178 0.3906250000 0.4225327075 0.4549233317 0.5008505583
081417 0.3268100619 0.3770883679 0.3848237395 0.4341352582
081417 0.6570019722 0.4413867295 0.7116338015 0.4998838007
081417 0.9035644531 0.4476713836 0.9523903131 0.4955328107
081478 0.0755209997 0.4231772423 0.1399741173 0.5403647423
081478 0.8483056426 0.2018227577 0.9375000000 0.2936196327
008998 0.7727881074 0.4570312500 0.8027343750 0.5175781250
020968 0.8496093750 0.1494140625 0.8916015625 0.2119140625
027009 0.1829428673 0.2981772423 0.2233072817 0.3671875000
052335 0.1282553673 0.4531250000 0.1927084923 0.5195312500
054874 0.2998046875 0.3559570312 0.3515625000 0.4218750000
061383 0.0512695312 0.4062500000 0.0864257812 0.4672851562
066449 0.1126303747 0.3704428673 0.1451822817 0.4179687500
075067 0.3860678673 0.0807290003 0.4713540077 0.1386718750
082136 0.8710937500 0.4544272423 0.9505224824 0.5377602577
094063 0.2395834923 0.2578125000 0.2740885317 0.3248696327
010227 0.6960400343 0.1656328142 0.7793349624 0.2431831062
012654 0.5175781250 0.2949218750 0.5693359375 0.3442382812
018889 0.6666650176 0.2812500000 0.7141879201 0.3281250000
041653 0.6699218750 0.2649741173 0.7272133827 0.3170571327
043560 0.6707422137 0.2602026463 0.7311367393 0.3186679780
048887 0.9448242188 0.2011718750 0.9985351562 0.2612304688
049631 0.6341211200 0.3096733391 0.6829511523 0.3533614278
050756 0.7890625000 0.4843750000 0.8359375000 0.5325521231
052862 0.6998681426 0.1302084923 0.7942709923 0.2115883827
056455 0.0014648438 0.3818359375 0.0463867188 0.4311523438
056587 0.2566406131 0.1007812470 0.2988281250 0.1773437560
058828 0.9277343750 0.2001953125 0.9833984375 0.2622070312
060928 0.3776040077 0.2792968750 0.4348959923 0.3326821327
062282 0.8398437500 0.4316406250 0.9291992188 0.5385742188
062806 0.7707177997 0.1311655343 0.8511410952 0.2058442384
064774 0.6919482350 0.2100893557 0.7671157122 0.2833315432
064871 0.0156250000 0.0794272497 0.1315102577 0.1731772423
065708 0.2513022423 0.3333334923 0.2740885317 0.3906250000
069425 0.5824511647 0.3030444384 0.6316655278 0.3487723172
071049 0.9143310785 0.0287224129 0.9985830188 0.1282937080
071626 0.7333788872 0.1342773438 0.8080576062 0.2039292008
078754 0.6902978420 0.2910537124 0.7372089624 0.3389246166
083888 0.0693359375 0.2504882812 0.1123046875 0.3002929688
008458 0.7113574147 0.1752070338 0.7898666859 0.2479702085
090424 0.3745117188 0.1782226562 0.4472656250 0.2407226562
091814 0.8911132812 0.1469726562 0.9409179688 0.2182617188
009967 0.5716162324 0.2890625000 0.6256523728 0.3404941261
015570 0.1523437500 0.4492187500 0.1946614683 0.4980468750
015905 0.7695312500 0.4199218750 0.8196616173 0.4713540077
027044 0.8452148438 0.4819335938 0.8901367188 0.5341796875
038995 0.6893408298 0.3963696361 0.7487055659 0.4538149536
055055 0.0082594724 0.3561294079 0.0505286120 0.4086015522
057505 0.0384114757 0.4687500000 0.0846353993 0.5273437500
066046 0.2231445312 0.4135742188 0.2846679688 0.4760742188
068027 0.8960937262 0.4703125060 0.9261718988 0.5179687738
070858 0.9511718750 0.4511718750 0.9850260019 0.5052084923
074806 0.0533852540 0.4420571327 0.0872394517 0.5195312500
078340 0.4193022549 0.4700673819 0.4526291490 0.5212206841
088586 0.6801757812 0.4418945312 0.7260742188 0.4916992188
094028 0.7962256074 0.4609375000 0.8444010019 0.5104165077
098439 0.3969726562 0.2412109375 0.4584960938 0.2963867188
015332 0.5253906250 0.0710937530 0.6050781012 0.1351562440
019339 0.8898437619 0.1593749970 0.9566606283 0.2352646440
046127 0.4882812500 0.0449218750 0.6030273438 0.1303710938
068678 0.4096679688 0.2246093750 0.4697265625 0.2832031250
069211 0.8134765625 0.2597656250 0.8613281250 0.3105468750
072737 0.8411474824 0.0709633753 0.8997397423 0.1204428747
007736 0.8248681426 0.1308593750 0.8854165077 0.1875000000
094297 0.6515625119 0.2757812440 0.7023437619 0.3261718750
012420 0.8502392769 0.4122456014 0.8971256614 0.4630170763
012614 0.7968750000 0.2416992188 0.8442382812 0.2895507812
001569 0.6175341606 0.1426547915 0.7008271217 0.2269072235
018581 0.8977881074 0.3841147423 0.9459602833 0.4453125000
019871 0.2415708005 0.2968237400 0.2910898328 0.3764907122
026203 0.6634863019 0.2728632689 0.7151836157 0.3226484358
037446 0.6386181712 0.2762641609 0.6874487400 0.3257348537
038304 0.5016845465 0.2058442384 0.5725342035 0.2709482312
046295 0.8489599824 0.4121093750 0.9016928673 0.4700522423
046324 0.9335937500 0.3743491173 0.9720052481 0.4270834923
051709 0.4812138677 0.2055922896 0.5506015420 0.2717670798
052128 0.9180957079 0.2871865332 0.9714213610 0.3424394429
052166 0.8333349824 0.4042968750 0.8782552481 0.4518229067
052214 0.7429540753 0.2202050835 0.8003984094 0.2843520641
053304 0.6539062262 0.1996093690 0.7105468512 0.2476562560
053944 0.6835937500 0.1800781190 0.7394531369 0.2281250060
056879 0.5007275343 0.1972275376 0.5763632655 0.2632890642
058900 0.0638022497 0.3574218750 0.1438803673 0.4563803673
006008 0.1898437440 0.2761718631 0.2437500060 0.3343749940
062641 0.8717431426 0.3821616173 0.9264306426 0.4388022423
070707 0.0785078108 0.0689335912 0.1378676742 0.1560585946
079414 0.0950522497 0.4667968750 0.1406252980 0.5221352577
000819 0.0039062500 0.4375000000 0.0644536167 0.5032553673
086066 0.8456786871 0.4174770415 0.8843531013 0.4695937634
016921 0.0825195312 0.2939453125 0.1293945312 0.3603515625
029318 0.3489584923 0.4101562500 0.3802083433 0.4811196327
058531 0.0092773438 0.3305664062 0.0791015625 0.4082031250
060784 0.6210937500 0.0322265625 0.6982421875 0.0839843750
075067 0.4778647423 0.0253906250 0.5618491173 0.0755214840
007736 0.8170556426 0.3730468750 0.8678383827 0.4290366173
082136 0.8776025176 0.2591147423 0.9335922599 0.3138022423
090126 0.7721337676 0.2610678673 0.8203125000 0.3092447817
090424 0.2871093750 0.1108398438 0.3549804688 0.1665039062
028421 0.0555297844 0.3686044812 0.1302084923 0.4767924845
038995 0.6941259503 0.4586015642 0.7448681593 0.4997704029
042108 0.8833007812 0.4326171875 0.9301757812 0.4804687500
048536 0.8938818574 0.2805991173 0.9915381074 0.3867187500
059155 0.0844726562 0.4384765625 0.1777343750 0.5419921875
063084 0.2958413064 0.3877524436 0.3820083141 0.5284926891
078340 0.1292509735 0.3427543938 0.2345664054 0.4681757689
091715 0.7109375000 0.4550781250 0.7734375000 0.5102539062
010128 0.7735888958 0.2747553587 0.8224189281 0.3235833645
010227 0.7812500000 0.1799936593 0.8607124090 0.2546723485
012004 0.7177734375 0.3129882812 0.7690429688 0.3666992188
012654 0.6264648438 0.3027343750 0.6733398438 0.3515625000
001569 0.7065722942 0.1646757871 0.7783803940 0.2393539995
016921 0.0781250000 0.1860351562 0.1362304688 0.2504882812
018096 0.3256835938 0.2236328125 0.3784179688 0.2744140625
018390 0.7314648628 0.2517997921 0.7869946361 0.3073300719
019871 0.2383583933 0.3816303611 0.2903989255 0.4645097554
025287 0.6752929688 0.3090820312 0.7236328125 0.3588867188
025418 0.1601562500 0.4047851562 0.2128906250 0.4575195312
026203 0.7755078077 0.2833945453 0.8262485266 0.3331801891
026789 0.2642461061 0.0478707030 0.3073299825 0.1426548809
031816 0.5399804711 0.4968994260 0.5801926255 0.5734912157
032162 0.3304731548 0.2849731445 0.3492534161 0.3364790082
037124 0.8759765625 0.1318359375 0.9340820312 0.2036132812
037500 0.5429687500 0.2877602577 0.5930991173 0.3333333433
038304 0.5763720870 0.2096738219 0.6462544203 0.2709482312
038486 0.0191482417 0.0727636740 0.0957415029 0.1608456969
041415 0.1282553673 0.3378906250 0.2213540077 0.4511718750
041653 0.7278662324 0.2669272423 0.7838554978 0.3177084923
042664 0.2929687500 0.2553789020 0.3142827153 0.3104077280
043560 0.7356347442 0.2627724707 0.7876747847 0.3186679780
044244 0.8598632812 0.4897460938 0.9086914062 0.5468750000
049566 0.7448681593 0.2460556626 0.7898655534 0.3035004735
051709 0.5550976396 0.2126591802 0.6219140887 0.2756220698
051753 0.7989550829 0.2661518455 0.8573598862 0.3188095689
052128 0.9219531417 0.3437241316 0.9746352434 0.4021894634
052862 0.8033837676 0.1484375000 0.8671875000 0.2239584923
055149 0.5514306426 0.2617187500 0.6119790077 0.3157553673
056455 0.0029296875 0.4326171875 0.0444335938 0.4809570312
056587 0.3003906310 0.1398437470 0.3296875060 0.2109375000
056879 0.5830664039 0.1972275376 0.6539140344 0.2613740265
058184 0.7697607279 0.4289214015 0.8013557196 0.5284926891
058436 0.6373681426 0.2786459923 0.6907421947 0.3281250000
058894 0.9280566573 0.4067934453 0.9804413915 0.4646757841
060637 0.7407226562 0.4633789062 0.7963867188 0.5170898438
061102 0.0239353515 0.0641469732 0.1034006849 0.1646752954
061383 0.0068359375 0.4013671875 0.0488281250 0.4648437500
061956 0.9300585985 0.4743305743 1.0000000000 0.5805122256
061958 0.7436523438 0.3056640625 0.7875976562 0.3530273438
062806 0.9239062667 0.1742495149 0.9832641482 0.2431831062
064774 0.7735400200 0.2197265625 0.8365029097 0.2839741111
065708 0.2773437500 0.3489584923 0.2981770933 0.4010415077
065768 0.2508330047 0.2743325233 0.2776403427 0.3298622966
069425 0.6355419755 0.3022695184 0.6835937500 0.3499349058
070707 0.1369101554 0.1110600606 0.1838235408 0.1905253977
071597 0.5852929950 0.2884711921 0.6379750967 0.3372990787
071626 0.8118896484 0.1531860381 0.8731616139 0.2184414119
073838 0.5332031250 0.2275390625 0.5874023438 0.2763671875
007433 0.5185546875 0.2065429688 0.5996093750 0.2753906250
074791 0.5698242188 0.4150390625 0.6015625000 0.4731445312
076329 0.1777343750 0.4511718750 0.2109375000 0.5039062500
078961 0.0000000000 0.4767910242 0.0421262421 0.5830644369
080235 0.9219921827 0.1081879884 0.9966679811 0.2000996023
080568 0.0086167483 0.1187192351 0.0756357908 0.2096738219
083777 0.1372070312 0.4150390625 0.1806640625 0.4667968750
084820 0.0722656250 0.4389648438 0.1201171875 0.5185546875
084932 0.1609375030 0.3808593750 0.2046875060 0.4425781369
089995 0.2403110415 0.0248927735 0.2939262688 0.1196769550
090424 0.2900390625 0.1831054688 0.3583984375 0.2441406250
091814 0.9438476562 0.1157226562 0.9985351562 0.1909179688
098677 0.9150390625 0.4047851562 0.9667968750 0.4667968750
009967 0.6269531250 0.2910156250 0.6783852577 0.3417968750
010128 0.6587011814 0.2632890642 0.7084863186 0.3140317500
016921 0.2065429688 0.1552734375 0.2817382812 0.2192382812
017985 0.0488281250 0.4298159182 0.0963712856 0.4818564355
018390 0.6634863019 0.2412685603 0.7218901515 0.3015854359
022515 0.2714843750 0.2167968750 0.3287758827 0.2740883827
025589 0.2949218750 0.2486977577 0.3509116173 0.3014321327
026682 0.7696874738 0.3276625872 0.8268632889 0.4041171968
027040 0.7552099824 0.2473959923 0.8059897423 0.3027343750
032162 0.2873349488 0.2354384810 0.3117487729 0.3042368293
032477 0.8710937500 0.4368491173 0.9153678417 0.4876303673
003492 0.6165381074 0.4694008827 0.6523437500 0.5169271231
036118 0.4296875000 0.1918945312 0.4799804688 0.2338867188
036756 0.6354150176 0.1614584923 0.6868491173 0.2031250000
037500 0.4902343750 0.2858071327 0.5410156250 0.3339843750
038486 0.2978032231 0.2634785175 0.3156907856 0.3147236407
041294 0.0846352503 0.2552084923 0.1223958507 0.3138022423
041857 0.0644531250 0.0638022497 0.1464843750 0.1569008827
043144 0.5507812500 0.2571616173 0.6132812500 0.3131508827
043852 0.6927099824 0.2656250000 0.7408853769 0.3144531250
044610 0.2558593750 0.2571616173 0.3085937500 0.3079428673
004496 0.5559912324 0.1940102577 0.6315102577 0.2591147423
045835 0.8470068574 0.4407553673 0.9016943574 0.5013022423
046462 0.7768554688 0.3041992188 0.8261718750 0.3549804688
048866 0.7067236304 0.2589174807 0.7536236048 0.3077456057
049566 0.6835937500 0.2412685603 0.7400810719 0.2967983484
049699 0.4897460938 0.7031250000 0.5961914062 0.8027343750
049699 0.1596679688 0.6923828125 0.2988281250 0.7700195312
051753 0.6701904535 0.2546723485 0.7295498252 0.3092446327
056057 0.1217446253 0.3483071327 0.1855468750 0.4134116173
056587 0.3507812619 0.1957031190 0.3734374940 0.2570312619
058604 0.0937500000 0.1835937500 0.1367187500 0.2493491173
060037 0.0240885261 0.3691406250 0.0559896007 0.4173177183
060637 0.6640625000 0.1474609375 0.7260742188 0.2001953125
063857 0.0377603993 0.3131508827 0.0839848667 0.3639321327
064190 0.7582714558 0.2163754851 0.8224189281 0.2757353485
065768 0.1790366173 0.2364814430 0.2154182196 0.2958408296
068330 0.6791992188 0.1025390625 0.7509765625 0.1596679688
072461 0.3593750000 0.2532553673 0.4244790077 0.3118491173
072737 0.7734375000 0.0520834960 0.8385415077 0.1015625000
075067 0.2962241173 0.0358072743 0.3743491173 0.0878902823
076611 0.7994775176 0.4739584923 0.8483071327 0.5221353769
007736 0.7962256074 0.0690102503 0.8580727577 0.1204428747
077713 0.0795898438 0.6157226562 0.1972656250 0.6396484375
077713 0.1665039062 0.5937500000 0.2680664062 0.6083984375
080235 0.8147607446 0.0890395492 0.9191176891 0.1790366173
008121 0.7631835938 0.4638671875 0.8071289062 0.5166015625
082136 0.8723974824 0.3704428673 0.9524741173 0.4518227577
083692 0.9029931426 0.3587241173 0.9453125000 0.4114584923
083888 0.2050781250 0.2207031250 0.2583007812 0.2744140625
085881 0.4013671875 0.2353515625 0.4179687500 0.2954101562
087919 0.4563803673 0.2871093750 0.5097656250 0.3372397423
017389 0.4192709923 0.3795571327 0.5078125000 0.4654946327
002443 0.0234375000 0.4692382812 0.0698242188 0.5214843750
026176 0.8224170208 0.3149892688 0.8932675719 0.3973266482
044170 0.6315527558 0.3867700100 0.6668894291 0.4426655173
055432 0.1456621140 0.4144106507 0.2335429639 0.5232539177
006769 0.2003178746 0.4242685437 0.3499936461 0.5844477415
069108 0.5761718750 0.1803383827 0.7701821327 0.3730468750
071537 0.0991210938 0.3754882812 0.1494140625 0.4672851562
073558 0.7622070312 0.4384765625 0.8237304688 0.5029296875
000723 0.3308750093 0.2030219734 0.3989770412 0.2672695220
081417 0.3282607496 0.4365522563 0.3848237395 0.4931157231
010388 0.0390625000 0.4023437500 0.0846353993 0.4550781250
012604 0.0478707030 0.2259497046 0.0966988280 0.2776499093
013701 0.9727343917 0.2479702085 0.9985830188 0.3063725531
018605 0.2096738219 0.2604165077 0.2374387234 0.3197763562
025510 0.8846874833 0.4439506829 0.9129561782 0.5130829811
032097 0.8442138433 0.2261513621 0.8776212931 0.3000361323
032277 0.9335351586 0.2257695347 0.9760790467 0.2891010642
034867 0.2584633827 0.4570312500 0.3066406250 0.5084633827
042332 0.6393212676 0.4407553673 0.6712239981 0.4908852577
046746 0.9431542754 0.2300063521 0.9836297631 0.2923261821
050937 0.4892382920 0.3427543938 0.5093443990 0.4021137655
051031 0.1586914062 0.2794765532 0.2120170891 0.3302324116
051633 0.0931586921 0.4664370120 0.1342760324 0.5242597461
055540 0.9047851562 0.2314453125 0.9506835938 0.2978515625
055926 0.7601855397 0.1953125000 0.7946538329 0.2652036250
067280 0.7587646246 0.4709345698 0.8082319498 0.5242597461
067704 0.0248927735 0.2084106505 0.0842526332 0.2843520641
069444 0.0004834468 0.2484917045 0.0348081551 0.3084389567
080045 0.7109375000 0.4589843750 0.7363281250 0.5156250000
008241 0.6059570312 0.4736328125 0.6245117188 0.5239257812
089739 0.0718061551 0.4203046858 0.1091452166 0.4691328108
009231 0.1821289062 0.2397460938 0.2138671875 0.3017578125
009356 0.8087646365 0.2127509713 0.8424789310 0.2797929645
093610 0.8157177567 0.2039292008 0.8530560732 0.2747778296
093873 0.0502783209 0.2866840959 0.0918548852 0.3359956145
097673 0.9363525510 0.2460556626 0.9765625000 0.3006279171
097737 0.2144609392 0.2967983484 0.2393535674 0.3542431593
031884 0.5278320312 0.2202148438 0.5952148438 0.2817382812
041605 0.6705712676 0.4055991173 0.7018228769 0.4667968750
006824 0.8041992188 0.3842773438 0.8696289062 0.4501953125
083816 0.8798828125 0.3940429688 0.9272460938 0.4458007812
012503 0.5288085938 0.1748046875 0.5815429688 0.2192382812
016921 0.0000000000 0.2172851562 0.0317382812 0.2734375000
048887 0.8793945312 0.1850585938 0.9438476562 0.2470703125
056587 0.2042968720 0.0535156243 0.2554687560 0.1378906220
058828 0.8598632812 0.1806640625 0.9238281250 0.2451171875
075564 0.6044921875 0.2451171875 0.6645507812 0.3007812500
091814 0.8457031250 0.1752929688 0.8876953125 0.2416992188
010128 0.7209326029 0.2661611438 0.7668887973 0.3178613186
012004 0.6572265625 0.3071289062 0.7133789062 0.3632812500
012654 0.5727539062 0.2968750000 0.6220703125 0.3476562500
001731 0.4501953125 0.3261718750 0.5004882812 0.3725585938
017389 0.3430991173 0.4316406250 0.3854166567 0.4798177183
018071 0.5483398438 0.1972656250 0.6088867188 0.2480468750
018390 0.7946532965 0.2546723485 0.8482626677 0.3092446327
021723 0.0086167483 0.1254213899 0.0679766089 0.2182905227
025823 0.5595947504 0.2319335938 0.6296274662 0.2942539155
026203 0.7218896747 0.2747778296 0.7716757655 0.3274355531
029959 0.5224609375 0.4912109375 0.5703125000 0.5375976562
032162 0.3116933703 0.2647988200 0.3297109008 0.3192607462
037446 0.6913037300 0.2788344622 0.7356342077 0.3295898438
038199 0.0341796875 0.3134765625 0.0649414062 0.3613281250
041653 0.7858056426 0.2708334923 0.8385415077 0.3222656250
043560 0.7928125262 0.2743369043 0.8371453881 0.3263774514
046874 0.8210937381 0.4699218869 0.8777343631 0.5265625119
046917 0.2089843750 0.5286474824 0.2701821327 0.5911459923
051753 0.7429540753 0.2585019469 0.7975258827 0.3130742311
052214 0.8070995808 0.2336088866 0.8597578406 0.2910537124
052862 0.8750000000 0.1679687500 0.9433593750 0.2415366173
058531 0.0073242188 0.2553710938 0.0693359375 0.3310546875
061102 0.1081879884 0.1110600606 0.1665898412 0.2029716820
061383 0.0439453125 0.2812500000 0.0805664062 0.3398437500
061958 0.6909179688 0.2978515625 0.7387695312 0.3476562500
062806 0.8597558737 0.1522290111 0.9258193374 0.2240351588
064190 0.8262500167 0.2259497046 0.8808212876 0.2853095829
064774 0.8403564692 0.2325761765 0.9001079202 0.2981083989
065768 0.2182714790 0.2594306767 0.2479515076 0.3130458891
071597 0.5287548900 0.2871865332 0.5827226639 0.3372993171
007433 0.4262695312 0.2060546875 0.5063476562 0.2763671875
077303 0.8393554688 0.4550781250 0.8876953125 0.5039062500
090424 0.4609375000 0.0971679688 0.5380859375 0.1557617188
094144 0.3971352577 0.0000000000 0.5468750000 0.0527343750
009967 0.6809912324 0.2949218750 0.7291666269 0.3437498510
016065 0.1635742188 0.4399414062 0.2089843750 0.4877929688
018071 0.4609375000 0.2001953125 0.5131835938 0.2402343750
025200 0.0683593750 0.3779296875 0.1757812500 0.4746093750
027009 0.0000000000 0.0755209997 0.0625000000 0.1660156250
032733 0.7002978325 0.4683647454 0.7581205964 0.5236172080
034771 0.7200537324 0.2942709923 0.7662776113 0.3430989683
034974 0.0822368190 0.1464843750 0.1451992244 0.2428554744
036756 0.6367187500 0.1178383753 0.6914062500 0.1595052183
037145 0.4804687500 0.2649741173 0.5332031250 0.3092447817
041154 0.5447704792 0.2900966704 0.6022182703 0.3389246166
042136 0.0668173805 0.4375258684 0.1169301793 0.4953486323
059252 0.6282568574 0.2630209923 0.6783852577 0.3138022423
073838 0.4765625000 0.2250976562 0.5356445312 0.2744140625
079332 0.3571157157 0.5170019269 0.4250918031 0.6548711061
079939 0.0558593757 0.4242187440 0.1265625060 0.4976562560
086716 0.6893749833 0.4182514548 0.7497685552 0.4786440432
087068 0.9042968750 0.4453125000 0.9462890625 0.5087890625
087919 0.4088540077 0.2858071327 0.4615883827 0.3307291567
090411 0.2447832078 0.3199526370 0.2672701180 0.3687807620
090420 0.2029716820 0.3647749126 0.3791362345 0.5294501781
090648 0.5598974824 0.3730468750 0.6074218750 0.4127602577
092707 0.8618164062 0.4121093750 0.9213867188 0.4721679688
093709 0.5755224824 0.1803383827 0.6497397423 0.2350258827
093747 0.5553368926 0.2044272423 0.6282553673 0.2610678673
093877 0.8454980254 0.4317436516 0.8936831951 0.4882812500
012004 0.5961914062 0.3027343750 0.6538085938 0.3603515625
001731 0.3999023438 0.3276367188 0.4497070312 0.3759765625
018096 0.2763671875 0.2319335938 0.3251953125 0.2812500000
022673 0.7200537324 0.1764321327 0.7923178673 0.2467446327
025287 0.7314453125 0.3129882812 0.7788085938 0.3598632812
025418 0.0742187500 0.3300781250 0.1152343750 0.3818359375
025823 0.4857114255 0.2300063521 0.5563837886 0.2948960066
035824 0.8710937500 0.2763671875 0.9101562500 0.3237304688
035857 0.6621093750 0.3881835938 0.7114257812 0.4399414062
049924 0.0286458489 0.2486977577 0.0670572743 0.3014321327
000527 0.0649414062 0.3510742188 0.1064453125 0.3999023438
052872 0.6171875000 0.3483071327 0.6692709923 0.3971352577
053566 0.3274741173 0.0540366210 0.3795571327 0.0846353993
056711 0.8763037324 0.1868491173 0.9361977577 0.2460937500
061383 0.0034179688 0.2680664062 0.0449218750 0.3305664062
071597 0.4722192287 0.2891137600 0.5274721384 0.3398696184
007433 0.3369140625 0.2114257812 0.4135742188 0.2807617188
075322 0.5716162324 0.1438803673 0.6608071327 0.2180991173
079332 0.3504135609 0.3456264734 0.4193476439 0.5122168064
083777 0.1381835938 0.3613281250 0.1816406250 0.4130859375
084669 0.4633789062 0.4355468750 0.4877929688 0.5175781250
089845 0.7558593750 0.3248696327 0.8111992478 0.3847656250
091827 0.5156250000 0.1302084923 0.6041665077 0.1979165077
093888 0.8776025176 0.1276040077 0.9876303673 0.2135415077
094144 0.2532553673 0.0006510401 0.3815102577 0.0735675469
011184 0.4492187500 0.1829428673 0.5045571327 0.2265625000
011184 0.6380224824 0.1842446327 0.6914062500 0.2272135317
040995 0.4498696327 0.2447915077 0.5039062500 0.2916666567
004710 0.4902343750 0.0000000000 0.6367187500 0.0664062500
004710 0.8535156250 0.0611977540 0.9485678673 0.1451821327
053304 0.7246093750 0.2066406310 0.7796875238 0.2542968690
053944 0.8042968512 0.2019531280 0.8527343869 0.2468750030
054525 0.4576821327 0.2428383827 0.5123696327 0.2916665077
054525 0.6575537324 0.2480468750 0.7096352577 0.2955729067
060094 0.4720053673 0.1979165077 0.5410156250 0.2539062500
006560 0.4192709923 0.0000000000 0.5384116173 0.0358071774
006560 0.7662743926 0.0065104002 0.8619790077 0.0716144070
066056 0.4635415077 0.2063803673 0.5260415077 0.2591147423
069522 0.4772133827 0.2285156250 0.5377602577 0.2825522423
069522 0.6660156250 0.2376303673 0.7200522423 0.2884116173
094440 0.4902343750 0.2766928673 0.5397133827 0.3216145933
097756 0.4986962974 0.1803383827 0.5625000000 0.2311196327
010375 0.8040381074 0.3860678673 0.8515657187 0.4355468750
016065 0.1591796875 0.3237304688 0.2094726562 0.3833007812
018319 0.0775507838 0.4423252046 0.1206341833 0.5476410985
027009 0.0644531250 0.1236977503 0.1419272423 0.2154946327
031816 0.5390234590 0.4021137655 0.5801930428 0.4748774469
003381 0.6875000000 0.2792968750 0.7376303673 0.3268229067
037145 0.5273437500 0.2604165077 0.5852866173 0.3111977577
042040 0.8785204887 0.4700678587 0.8959586620 0.5200585723
042664 0.2627416849 0.2332900465 0.2887059450 0.2937436402
048586 0.7584618926 0.2389321327 0.8216147423 0.3014321327
050523 0.4453125000 0.4785156250 0.4804687500 0.5273437500
057526 0.2607421875 0.3090820312 0.3217773438 0.3710937500
059252 0.6803368926 0.2832031250 0.7265625000 0.3326821327
061747 0.0260416511 0.3372397423 0.1106769070 0.4440102577
061956 0.9350976348 0.3336586952 1.0000000000 0.4464287162
006947 0.2050781250 0.3424477577 0.2486979067 0.3906248510
069518 0.3033852577 0.2493491173 0.3437500000 0.3190102577
073838 0.5917968750 0.2309570312 0.6440429688 0.2797851562
074267 0.4720053673 0.4322915077 0.5117187500 0.4843750000
078585 0.3408203125 0.4702148438 0.3945312500 0.5283203125
081455 0.7154931426 0.2571616173 0.7701821327 0.3118491173
084820 0.0664062500 0.3574218750 0.1176757812 0.4375000000
008714 0.7376318574 0.2174477577 0.7975258827 0.2747397423
090057 0.2838540077 0.3535156250 0.3138020933 0.4036459923
093747 0.6263037324 0.2200522423 0.6946616173 0.2819008827
094665 0.3502602577 0.2805986404 0.4023437500 0.3287760317
015332 0.9308837652 0.1398437470 0.9925180674 0.1945312470
020605 0.6628076434 0.2049814463 0.6879447699 0.2745976448
021126 0.0777397454 0.2955385745 0.1098632812 0.3482216895
036945 0.2306484431 0.1137182638 0.2685546875 0.1953125000
037124 0.9350585938 0.3100585938 0.9990234375 0.3945312500
038365 0.2843520641 0.2269072235 0.3073299825 0.2795649469
043792 0.2924804688 0.2548828125 0.3129882812 0.3071289062
046127 0.6040039062 0.0522460938 0.7172851562 0.1367187500
049490 0.1488642544 0.4237797856 0.1939912587 0.4950478375
055793 0.8827587962 0.1574062556 0.9566460252 0.2280786186
058531 0.0151367188 0.4077148438 0.0815429688 0.4887695312
061383 0.0000000000 0.3315429688 0.0454101562 0.3964843750
062770 0.8205029368 0.0497856438 0.8951821327 0.1522290111
067704 0.9420947433 0.1637177765 0.9995405078 0.2383959889
068678 0.4707031250 0.2226562500 0.5317382812 0.2817382812
069211 0.8735351562 0.2719726562 0.9150390625 0.3227539062
077598 0.6821289062 0.2319335938 0.7524414062 0.2963867188
090209 0.0029006787 0.2523593605 0.0372253843 0.3016709089
094297 0.7281249762 0.2785156369 0.7757812738 0.3277343810
096676 0.7900390625 0.2285156250 0.8559570312 0.2958984375
097776 0.5922851562 0.2856445312 0.6401367188 0.3334960938
